8638869
7980834
8532395
8455188
8536494
8600228
10144836
9289025
8397582
9008512
8959041
8620023
8661273
8418174
9102191
8669358
9061684
8652880
9377263
9167580
8591917
8311570
8571448
8880249
8359920
8170199
9586079
8600112
8324849
8173258
9068448
8067907
9421290
8127416
8515331
8532556
8336965
8488772
8833705
8785136
8353629
9770154
8317207
8070044
8664819
8016461
8837995
8576398
7760483
7916295
7915740
8447104
8565679
9037793
8272565
8056937
8199676
8219288
8692872
8238655
8507048
8832273
8600383
8296995
8430204
8536297
8022757
8801491
8576925
8413423
9055542
8318279
8272726
9100012
9009080
8373224
9103032
8443198
8902643
8469535
9345705
9435695
8657239
8388841
8595250
8750359
8788979
8265279
8757053
8540452
7796360
8387637
8324861
8771092
8858725
8702521
8482539
8637609
8815890
8447014
7910071
8813511
8698422
8951509
8380389
8130748
8647681
9821838
8601124
8803995
9483463
8945784
7919184
8560956
8409356
8114441
8695621
9076484
8733948
7892723
8909996
8885382
8433219
10078257
8977311
8177075
8971570
8551860
9302894
8432567
9027114
8775537
9262162
8420708
9057974
8681287
8380887
8327982
8371549
8374562
9114220
9342025
7657415
8547723
8153328
8639894
8814033
8727129
8397744
8624273
8855615
9157979
9227267
8585368
9270488
9497033
9358236
9168938
8080225
8624006
8963237
8609856
8021192
8443194
8896182
8249053
8633949
8334519
7801405
8127569
8452481
8720466
8435342
8142422
8428951
8721261
7860412
9340841
8194180
9986972
8534734
8377700
8452868
9009425
8735968
9065698
8502601
10098148
8671067
8416933
9215694
9003916
8309443
7934480
8578577
8409113
9472650
8323843
9011064
7684463
8347167
8285323
8198671
8301185
8166321
8259361
8163630
8372107
8460557
9182557
8093733
8745389
8298815
8613678
8733811
8992362
9181348
8614355
7980494
7932364
8038561
8738587
9354009
8750005
8515263
8915354
7980060
8171027
8840270
8391984
8790545
9524808
8192105
8485176
7952887
8691986
8766047
8542007
8535300
9097288
8217861
8928469
8509244
8479886
8180017
7919970
8610391
8166862
9077395
8557454
8501984
8608082
8187539
8847266
9280107
8727661
8262831
8837192
8328867
8865153
8142219
8470681
9391257
8701927
8304411
7909210
8930551
8752946
9025345
8297663
8150079
8492085
7931528
8777501
8484632
8476653
8613346
8214873
8017615
9059546
8304997
8542282
8544128
8509037
7854375
9136513
8641363
8369097
8369023
9088779
8069965
9242959
8256372
8542558
8863155
9143638
9293544
8852652
9048476
8376756
8483807
9740727
8352307
8371182
8226413
9056289
8873977
9640029
8908209
8478895
9186491
8242673
8307453
8876539
9458151
8190652
8424413
9610712
9661073
8607832
8017330
8993229
8470401
8675892
8904681
7935451
7981455
9662257
7827405
8985583
8223437
9302794
8247131
8381820
8204048
8172775
8481295
8167152
8606018
8547908
8363333
8504751
10080313
8518575
8480048
9565408
8698890
8455543
8550221
8742577
8479100
8565602
8334404
8786325
8358631
8290122
8935500
8732927
9018516
9355455
8149712
8315672
8399066
9042555
9297903
8591429
8708882
8725850
8590680
8468371
8305535
9293615
8407000
8872589
8099828
9669434
8888557
8931853
8395973
8832237
9491621
8312610
8424344
8611959
8593314
7838288
8799873
8482531
8087509
8524775
9645230
8794702
8478311
8413109
9450025
8775971
8207245
8576719
8117767
8336654
8139931
8280966
8572208
8268232
8670555
8499001
8926877
9251365
8864376
9091886
7961629
8676684
8039891
8077641
9406713
8102574
8206804
8739732
9054647
8461674
8326828
8491064
8311357
8164894
8458984
8582168
8696052
9494490
7891801
9135831
8750832
8053960
8146955
8604423
9311008
8306526
8766166
8687386
8294175
8537247
9079789
8217861
8750857
8616527
8296854
8365937
8977631
8169752
8491240
9585540
9250896
8978087
8774216
7977995
8967509
8699705
8246086
8163264
9451600
8590777
8255188
8371349
8244573
9354639
7768396
8826181
8032188
9087106
8271781
8479944
8873341
8684262
9470803
9472297
8364693
8124708
9226978
8734800
10058840
10033370
8996141
8499545
8889685
8311460
8978729
8482963
8762704
8972247
8103288
8407085
8800570
9126397
8440340
8491345
7607114
8471337
8741744
8802551
8765200
8443381
8805834
8245180
8637326
8418922
8314750
8151171
8580326
8673994
8560147
8237990
8537084
7852591
9469854
8623428
9205361
8645715
8120070
8889849
8753646
8959339
9456215
7940263
8317991
8602262
8604679
8561518
8793960
8495541
8294851
7696404
9041299
8968216
8694280
8798443
9130474
8435412
8452843
8415344
8869348
8892445
9075853
9259052
9022215
8509515
9349520
8804215
8695778
8233600
8381040
8685449
7968386
8286768
9523057
8376654
8767262
8090755
8186766
9174510
9568557
9072367
8373867
7990120
8805165
8914991
8539106
9806956
8143303
9739384
9113666
8549486
8923802
8531804
8439755
8494996
8109736
8732512
8671608
8729743
8928876
9095917
8053693
8618856
8471884
8418663
8815090
8334815
8498028
7724793
9891615
8436021
7848376
9170359
9015228
9196294
8945996
8975848
8872782
8252937
8330001
8174154
8334829
9786287
8246487
8069185
8089978
9385013
8979219
8241862
8223785
7998590
8584520
8586037
8699799
8283798
8501014
9397647
8261221
8842334
8854269
8079387
10281085
8481981
9215933
8677334
8212498
8826012
8933495
8332223
8427319
8172111
8481383
8473906
8919476
8159944
8286814
8547971
8320805
8746053
8509994
8284632
8077652
8234277
8654185
9454846
7951911
8390004
8129169
9477315
9119431
9098859
8467638
9089668
8667511
8699381
8113204
7964584
8079246
8642018
8568410
8758490
8351607
9845704
8843641
9439599
8228818
9426649
8091876
8534431
9000713
9149783
8391842
8097351
8330907
9011513
8542050
8800002
9058373
8358451
7670970
8218749
8326457
8164046
8114361
8659192
8568939
8480445
8822952
8575889
8834468
8546113
8970429
8111108
8474744
8987319
8256488
8044991
8872627
8458296
7909386
8422526
8291356
8669851
8557701
8438380
8281956
9088709
8673130
8442482
9129184
9019325
8733214
9096746
8874288
7989365
8932586
8225147
9052426
8334181
8903651
9153220
9308315
8339117
9265435
8107398
8374034
8904656
8257571
8394599
8659500
8545081
9761829
8537618
8999168
8261658
8158475
8777342
9129017
9311183
9272394
7947422
8382835
8517262
8260749
9201055
8796547
8862503
9190986
8295760
8426248
8960895
8956984
8580870
8917886
8194736
9161489
8593772
8912884
7956243
8879194
8532031
8396304
9634764
8335313
8864158
8666010
8246905
8643439
8039222
8292422
8667376
8301290
8397313
9081097
9700438
8692749
8730318
8042892
8391857
8749184
8358569
9176112
9886443
8007280
7995710
8674823
8399608
8378184
9165672
9644752
9052499
8279893
8779874
9245464
8259665
8648950
8413148
8436724
9947794
8032110
8824272
8391126
8458123
9035194
8727183
8729405
8062367
9187065
8635000
8341658
8402125
8629491
8372513
9607075
8146088
8573324
8989469
9261965
9424004
8868104
8412607
10154569
9360937
8339090
8209677
8911825
9549916
8526131
8625900
8025443
8162290
8883251
8795912
7824274
9077806
8899411
9287657
8633959
8355043
8419918
8436257
8451365
7953444
8793386
9912048
8841535
8970251
8821734
7937469
9319259
8522299
8405578
9804279
8568491
7914966
9050853
8532481
8333643
8452846
8743569
8558934
9005545
9398448
8866654
8138643
8927477
9122486
8825012
8307549
8478776
9110906
8135886
9071768
9019644
8562981
8983510
8659772
8065107
8565816
8029748
8181548
9028262
8096909
9492791
8469490
8671959
8737802
8364846
8410579
8356936
8163093
9477517
9092852
8513486
8790628
8880411
8629363
8122175
8943023
8043528
8653749
8938771
7997216
8287547
8818646
8432920
8226139
8617160
9162897
9964341
8587734
8152362
8052954
8515586
8189494
8246979
8074771
8623336
9297040
9588845
8387586
8533712
8510414
9448725
8922654
9689262
7909978
8977731
7972841
8572576
9218716
8713800
8275699
9767157
8819001
9277564
8517760
8616542
8079790
8623054
8421923
8235778
9000253
8238668
7995336
8570556
8344721
8563868
9262459
9307902
8516970
9091407
8493070
8130552
8108799
8847997
8845112
8137629
9021631
8633517
8605262
7790898
8466462
8264307
9091539
7947901
8777380
8409716
9083162
8784713
8384700
7955104
9381094
8839464
8214556
8461232
8207482
8327626
9141406
8277092
8540520
8631860
8907715
8039806
8388616
8937025
9196346
8191413
8416263
8384268
9085345
9196971
9543669
8607957
8657561
8821146
8974460
9138473
9016810
9509926
8168533
8977067
9446411
7845198
8110049
8761129
8725338
8888060
7924955
8789584
8105911
8852654
8376673
9489002
8765966
8131057
9861227
9594407
8530741
7719965
8475109
8901028
8502006
7905656
8605824
8591636
8903100
9589815
8646134
8466716
8648308
10284979
8471894
8767363
8100034
8489727
8865000
8947191
8842536
8683436
8386777
8334488
8345807
8999340
8270813
7868032
8989270
8271515
8754024
8026627
7824693
8838170
9053484
8608469
8603536
8073227
8637934
8794442
8389834
9694452
8413777
8478581
8038030
8570842
9102610
8644593
8673183
9837742
8253764
9238109
8744504
8105669
8048228
8720271
8454658
8469520
9283264
8726231
8082458
9059796
9094920
8176662
8437844
8671179
8385212
8181229
9505394
8503030
8457077
9321359
8260063
9689550
7971650
9690787
8238284
9008289
8143759
8420818
8596158
9514721
8664903
8593279
8565370
8968046
9082912
8829170
9003693
8992030
8435173
9192438
8710268
8461382
9179980
8209532
8032834
9386566
8276052
8104388
8642436
8766587
9367010
8549090
7900114
8751821
8640288
9015836
8875550
8062930
8712551
8612085
8773870
8216843
8689855
8164805
8667897
9080280
8371577
8338773
8956326
8215624
8245512
7943090
8224414
8635091
8125877
8799832
9671302
8651331
8315895
9909068
8702744
7951339
8920528
9160154
9063282
8619917
8621225
8643710
9339554
8017689
8079394
9556114
8750454
9628697
9374704
8281533
8682999
7819825
8242143
9051013
9271918
8702467
8572860
9077239
7883631
8767822
9621940
8986084
9237990
8764935
8610809
8674064
9528928
8192302
8130925
8010679
7967120
8403198
7915993
8684308
8757666
8912284
8862029
8707502
8804495
8341663
8559679
8560177
8494766
8593721
7971690
8498552
8323034
8885648
8502666
8923797
9685193
8688596
8790811
9270747
8643068
9073284
8177031
8829054
8050572
8317404
8529975
7659740
8618408
8985718
8158071
9809305
9532143
9169446
9267075
8789102
8445715
8484885
9638200
9252608
8887616
8422173
7994114
9042190
9137486
8200661
9279595
8464206
9245025
8613430
8283316
8892589
8764402
8780479
8743945
8997260
8335053
9076697
8478404
9050365
8280804
7872010
8481965
8778972
8621125
8767968
9078463
9458620
8386333
8669192
8360048
8466061
8427184
8949215
8357499
8126085
9370216
9089691
8665095
8894028
8184528
7911348
8548009
8372655
8895429
9368299
8957525
8551720
8509960
8595339
8706059
8107381
8907886
8483566
8858195
8710875
9899200
8543893
7909008
7997862
8768305
8793196
8489292
8135334
9282190
8356349
9382765
8689357
8445829
8889595
8882821
9493884
9509026
8287199
9682854
9014814
9408924
8152383
8360197
7901915
8734900
8294548
8514937
8303265
8616591
8328355
8499654
8861475
8052710
9832292
8997585
8382470
8896256
9145676
9116840
8781597
9005579
8170051
8319817
8895857
8639507
9365537
8738914
9226574
8608019
8326266
8400842
8090327
8233224
8513188
8451074
8628698
8706919
9083934
8904400
9004775
8474195
9047674
8740277
8379762
8694111
7891611
8550610
8050415
8658250
8970526
8562171
9247971
8506152
8199037
8231158
8747952
8476458
8335113
8136917
9239690
9594497
9241304
9144252
8231544
8049502
8401345
8439691
9300588
8871389
8638519
9119835
8390309
9383127
8362920
8206286
8714997
8590840
8540678
8430915
8454754
9356316
8330249
9013842
8424898
8481660
8070546
8465746
8150390
8158237
8636410
8997591
8587425
8763590
8676899
8713360
9177774
8939075
8726377
7893612
7818772
7983385
8188373
8089051
8901841
7973245
9788103
9126366
8052662
9298745
9043776
8653378
8649314
8641080
8354628
8449501
8556741
8691928
9839100
8483406
8756183
8014970
8857456
8895684
9084214
8664261
8601687
9125673
8402174
7747792
9814208
9229000
9644539
8540012
8297919
8037310
8668768
8734027
8277171
8757553
8797227
8413232
8340032
8422281
8409925
8563772
9110050
8356222
8255307
9379072
8446598
8593088
9233857
8203164
8666549
8612674
9167324
8683209
8354326
8376363
8647103
8148796
8515981
8096529
8299156
8998514
8510187
8497645
8072086
8265851
8635965
7953324
8144888
8412004
8826822
8272458
8435643
9370676
8459503
8843411
8742284
8890300
9215190
8471895
9073144
8149730
8283125
8369794
8095977
9248836
8847265
9138674
8584931
8678634
8965200
8556867
9019117
8346135
8189976
8638693
9880751
8159275
10172608
8009450
8282066
8220677
8754679
8357011
8547192
9147308
9076882
8655702
8872744
8215170
8931650
8502341
8377151
8619463
8424574
8185532
8402214
8747254
8425118
8559509
9311887
8615136
8352551
7955684
8645642
8229584
8598665
8501181
9508969
8828320
9178954
9261733
8799510
8548831
8945596
9136560
8484568
9286192
9700155
8904202
8589196
8361869
8649448
8812395
9106317
9368072
9326264
8686906
8050887
9198064
8065727
9504856
8400961
8572857
9815706
9096383
8811472
9186284
9179692
8827009
8315742
9073616
8635800
9104368
8417889
8505099
8227299
8160520
8346199
8421298
8260311
9870596
8849154
8210916
8452993
8496674
9123686
8806256
8625963
9192957
8018731
8543221
8948787
8307032
8864391
8808520
8624824
8125202
8574210
9375718
9035575
8867103
8274982
8630409
8319845
8252867
8285112
8757875
8903358
8548277
8127046
8371433
9044349
9129050
7963062
7703029
8869644
8134149
8152063
8462277
9971675
8674730
9588042
8590184
9290415
9199997
8365589
9264198
8263884
9045233
8440476
8691544
8718630
8947794
8077557
8042398
8538244
8293959
8608462
8361252
9151164
8010642
8620528
8208479
8702558
8553178
8821437
8995463
8440326
8074978
8696238
7967721
8978729
8911096
9081341
8261047
9997282
8876836
8928446
8269424
8707514
10053005
8312851
8559382
8681926
9265730
8905147
8348376
9577990
8292597
8894561
9244892
8801523
8103528
8019681
8130791
8933753
8186446
8974761
9003853
8477968
8818931
8541445
8278567
8502726
8791439
8406481
8286066
8390010
8578814
8427393
8251095
8987119
8307323
8255248
8954213
8301487
9653516
7912798
8672577
8707120
8499468
8916827
8183893
9370179
8724055
8016643
7969964
8454392
8236297
9667505
8648919
8605708
8005341
8158501
8232297
8398754
8119468
8746746
8480897
9146636
8302231
8993715
8627671
9127219
8463029
8510651
8325719
8521424
8863292
9219721
9083080
8260385
8451747
8186311
8255632
8028629
9572353
9084532
8402795
8614234
8060565
9516691
8938883
9142966
8478956
8943744
9102229
8398704
8578125
8433860
8556203
8579186
8636855
8644974
8795766
9562918
8341676
8469656
8360410
9117042
8590686
8570198
8812369
8560246
8541275
8881510
9125488
8814386
8218853
8289287
8908323
8134408
8471612
8942434
9566601
8441853
8697638
8438777
8423319
8427640
8741013
8253177
8330907
8164949
7750512
9024482
9617956
8616974
8161851
8422102
9381777
8558022
8552118
8410553
8816740
8842633
8331703
8057991
8873276
8583530
8351137
8397960
9022534
8142040
8456316
8748185
8603233
8625267
8859776
8515661
8005732
8529919
7912678
8156255
9691189
9153231
8718323
9023162
8228158
8366994
8369220
8306194
8560540
8333561
8977819
9242005
8158065
8582370
8823860
8301792
9025245
8593666
8547386
8769541
10090637
8676150
8600321
8936085
9447568
9051647
9542289
9013931
8550748
8609000
8328159
8189427
9873090
8939354
8755748
8193695
8005663
8481947
8449929
8877025
8182138
8032786
8805351
8332345
9124312
8531955
9221084
8599640
8324392
8533754
8703503
8437666
8909843
8457909
8124339
8456068
9337080
8532023
8674427
9284931
8250580
8760707
8374613
8069024
8978998
9475722
8864564
8856416
8051397
8292348
8782227
9186513
9024915
8843384
8922666
8331214
8521691
8779375
8953692
8304435
8201898
8754124
8469392
8459691
8893350
8891615
8668485
8734499
8373022
8370595
9419522
8135978
8564437
9062250
9004136
8652365
8257243
8753574
8559786
8754785
9117186
8343071
8926733
8747756
8577825
9570145
8039750
7713117
8265171
8548120
8294532
8868575
8680859
8484942
8236579
8510659
9345337
8786359
8205891
8508495
9216916
8381175
8901790
8950650
7970263
8510665
9501476
9053269
8323295
8502625
8459389
8504447
8782549
8126485
9069146
8107891
8467106
8349890
8748618
9257249
8473215
8440015
10235439
8970820
8336180
9893532
8602262
8571407
8218884
9061785
8809895
8990263
8264314
8984074
8603231
8719198
8884094
8382872
9055492
8608380
9312631
8670675
8508306
8355496
9012316
8713552
8472389
8121608
8626067
8494326
8996233
8503999
9189275
8737842
8287747
8416715
9138454
8532000
8009793
8420595
8707086
7982325
8579367
9210800
8972763
9488824
9086847
8011885
8150414
8123423
8208625
9501128
8976261
8528787
8686422
8493019
8181049
8943761
8605464
8782612
9463213
8537574
8992955
8819852
8270247
9556431
8529499
8665420
9272825
8465325
8276578
9290947
8686355
8253139
8832470
8293410
8824385
9309722
8420020
8672493
8397698
8946411
8483390
8451139
9637083
8766603
7825971
8424374
8128972
8581760
8623272
8533688
9218987
9136850
8024812
9108157
8866372
8815926
9289700
8229280
8769940
7965895
8505632
8215343
8442410
7892496
8810291
7699548
8321822
8902391
9112796
8204264
9323067
8009888
8116784
8090758
8625129
8945554
8627985
8588657
9263470
8205885
8592375
10160454
8504758
8734372
8170152
9998887
8085552
8704031
9335262
8414506
8160807
9951634
8926201
8031153
9209783
9124793
8751671
9467196
8465970
9144638
8380308
8241884
8635349
8230047
9559039
8141140
8607651
8885804
7979428
8342752
9039758
9699734
8568512
8941251
8679119
8851087
8634725
8001764
9354599
8197108
8258382
8791126
8789930
8530862
8602112
8632682
8995952
7986233
8761995
8174040
8292444
7721389
8235158
8224713
8894260
8616415
8537375
9093540
8934761
9013555
8694548
8817382
8597044
8270377
7919883
9363728
9349901
8656601
8598436
8153472
8455504
8416599
8598834
8436107
8525829
8196231
8475996
9218637
8345128
8484405
8437014
8381859
8505500
8435600
8931073
8892698
8716389
9725107
8737513
8401465
8519014
8429110
9019302
8728471
8415937
8646798
8469434
7863843
8344353
7807922
8641881
8741077
8745263
8255538
8752618
9398124
9312293
9101601
8478015
8140201
8216542
8418259
8808427
8840538
8184992
8154206
8581174
8835377
9063687
8852229
8930806
9869584
8537900
8436224
9033823
8608133
8343464
8184661
9467493
8540825
9203484
8249698
8711497
8947514
8184953
8866307
9078944
9304349
8459292
8725085
8626003
9220258
8313105
8727746
8965815
8233223
8159583
8909236
8198712
8522207
8136422
8537745
9862433
8331453
8960906
7998643
8366329
9869717
9566587
8300413
9105801
9268924
8504032
8769878
8855769
8759077
7895716
8388538
8686990
8133902
8173383
10212896
8464945
8262218
8698333
8488944
8814058
8377567
8882480
8591283
8303851
9315441
8945785
8369854
8383926
8987746
8674043
8741527
9098407
8594936
9585689
8476683
8499845
9402240
8313256
8197667
8802803
8012734
8698251
8478239
8320889
8147827
8622581
9466107
8872120
8395166
7870654
9184198
9004545
8419034
8243281
8641362
9545045
8843821
8309362
8797373
8800610
8824964
8527366
8493722
7807976
8600833
8518957
8268740
9001742
8814119
8213774
8762092
8103257
8478371
9026592
9323283
8473895
7938429
8724126
8214309
9313409
8934221
8827483
9216200
8500782
8528703
8656821
8941821
8424088
8342834
9328792
8334310
9177691
8446040
9303293
8011605
9121097
8533650
8222544
8587248
9299909
9121967
8723167
8697481
8445520
8250262
8647434
9064151
8566242
9059446
8877641
8281284
8669193
9843150
8708378
8818729
8524821
8537539
8699013
8443304
8889777
8986674
8612862
8502605
8337844
8279928
8380229
8952625
8465298
8069129
8926912
9316372
8517510
9298301
8590762
8061872
8503567
9799359
8282124
8226515
8508264
7809238
8699183
9327076
8464777
8920653
9188528
8609389
9214018
8505112
9718457
8199635
8246813
8274382
8127970
9247888
8165173
8589836
8750640
8660498
9028121
8312984
8985301
8010269
8178296
8985881
8949773
8768301
9132075
8013717
9780784
8160152
8411710
9318843
8803444
9797284
8747797
8213194
9111081
8116266
9230466
8551596
7989452
8248920
8526108
8108109
7600993
8180108
8445934
8384869
8138980
8062760
8356021
7797008
8584268
8369505
8541088
8754412
8447735
8494410
8920711
8389858
9373815
8451458
9367068
8209699
8453321
9430817
8728391
8762564
8251735
8699463
8589292
9199756
8993124
8751024
9017115
9472687
8441082
8631420
8111948
8338503
8255796
9292309
9340689
8515704
8839273
8937644
8571570
8606169
8551588
8544878
8395912
9187331
8505935
8612381
8436583
7843883
8404530
9140907
9393422
8115994
8424902
8339607
8609839
8858614
8506904
7993369
8843364
8528439
8262842
8921132
8375413
8424871
8738485
8211475
9257070
8577063
8399934
8533749
9259448
9529789
8568629
8229623
8712546
9005365
8356986
8244972
9243312
9254168
8180711
8862569
8564159
8448656
8892179
8438778
8212061
9300910
8582525
8827927
8614050
9493961
8734169
8822945
8519432
8579380
8947101
10291047
8745201
8547910
8843074
8667978
8963588
8426277
8382707
7961883
8686531
9097762
8200725
8883591
8035272
8898726
9591052
8866390
8654629
8040770
8204824
8952339
8058056
8995859
8785673
8618657
8686759
8717925
8640786
8055329
8836017
7949620
9735094
8651685
8503833
8269964
9072193
8066746
7841606
8249330
8845081
9038149
8480674
8123926
8671346
8689592
8474201
8517403
8554972
9313840
8967763
8626626
9225115
8505368
8658543
8992577
9044044
8906117
7740492
8496922
8110414
8790875
8351004
8215905
8609750
7772666
8152295
8471915
8821972
8453472
9421666
9162236
8529313
8266180
9416032
8572540
8169184
9077030
8425110
8133721
8484070
7762576
8649709
8392194
8442579
8212391
8602130
8394160
8679573
8148936
9208182
9359048
8322052
9578003
8723197
8429302
8330529
9197629
9189753
8231039
8159597
9317760
8600469
9046315
8791364
8205699
8578747
9733134
9279928
8818557
8898375
8166540
8430074
8457372
8269864
9566714
8343134
7974899
9671855
9188068
8623125
7885644
8295712
9207724
8333778
8860494
8798144
8798885
8611612
8975160
8407654
9440064
7949130
9144102
8734302
8220237
8801583
9082684
8349388
8096021
8213636
8693847
8232817
9160025
9250847
7881224
8360075
8358608
7878057
8582708
8492630
8664152
8344455
8929704
8438488
8041636
8533441
8239657
8225640
8540975
8492029
9582822
8558757
8005218
8389135
8542720
8160722
8368400
9201568
9174767
8765667
8246092
8621668
9504186
8468307
9202369
9308864
7872225
8298423
8466336
8528458
8292181
8160669
8510870
8138806
8262094
8556604
8432322
8775574
8937504
8742159
8505092
8758835
8548535
8698811
8715941
9393674
8085000
8362542
8646031
9473120
8665669
8152519
9135832
8303743
9005595
8536825
8952470
8608176
9981180
8156565
8822756
8229603
8709773
8332617
8275760
9181750
8651165
8068767
9259479
8967283
8882217
8207661
8494846
7865046
8736594
8388325
8370201
8879639
8715746
8733093
8867392
8492325
9364981
9194362
8695510
8531978
8746947
9657843
8529091
8408028
8607329
8752930
8053936
8958571
8506505
8424294
8344932
9023229
8932260
8691860
7878695
8546207
8530005
8925323
8659482
8634863
8631854
9048403
9124016
8301917
9060077
8571641
9225726
8939990
8763454
8514550
8331691
8077589
8974569
8509611
8936501
8718107
8491020
8189448
8894730
8759754
8533446
8565631
8581271
8561668
8671924
9268422
8256266
8102055
8467147
8028159
8370791
8506541
8676206
8548578
8052279
8448965
8928633
8221694
8459453
8003779
8294978
8452818
7863454
9404709
7990077
8684170
8177459
7945056
8174501
8554926
8370302
8186898
8245659
9260425
8513086
8222017
8477768
8126290
8477809
8720654
8279609
9057295
8180598
8547764
8025089
8542665
8592151
8495610
8278354
8506943
8250370
8600253
8436604
7989246
8401061
9491045
9057269
8697794
8298646
8087182
8416273
8779897
8499932
9081604
8619037
8238432
8907912
8461583
9102397
9047324
8776946
8006261
8611891
8923566
8135668
8984571
8632455
8473763
8395263
8571021
8155817
8145240
8446064
8505240
8517711
8173426
8117405
8955970
8258187
8388337
8416512
8238128
8740239
8449537
9023018
8871141
8739210
8973245
8056219
8725302
8935904
8932622
9427631
9332428
8501860
8828319
8892173
8522380
8621298
8725150
8356850
8664418
9162930
8265216
8108640
8299118
7869432
8906432
8140631
9490404
9071601
8775668
8197889
8743331
8267954
8729413
9211368
9532229
9146764
8432267
8249480
8184417
8531176
9159156
8100469
8840185
9213352
10051610
8938329
7963895
8813051
8322640
8604075
9302802
8552828
9097060
8284959
8562281
9095631
8358787
8314170
8365637
9266282
8960564
8853265
9306934
8546207
8198259
8670768
9030190
9065806
8697948
8619953
9056188
8897793
8741682
8726156
8357002
8842115
8298729
9320169
8038680
8948673
8131191
8006329
8121312
9299753
8457752
9168699
9625010
8759819
8725272
8840287
8009665
9242695
8685444
8470291
8347779
9049886
8340409
8872346
8510611
8435227
8675124
9342152
8506216
9420117
8880352
8695440
8381737
8344946
8509988
8745674
9071280
8757417
8167976
8676210
9131641
8272356
9625319
8718000
8874436
8579067
8836597
8787873
8836193
8929416
8145669
8547970
8779080
8732041
8848733
8592956
8185981
8790140
9207029
9014979
8481382
8630952
9697383
8998729
8954103
10081685
8163054
7969503
8407388
8472239
9054333
9271056
7942721
8202643
8184422
8341952
8219009
8775001
8110541
8334347
8821864
8002566
8137773
8264500
8654960
8058869
8468955
8474677
7944368
8745859
8376696
8168192
8439444
9383757
8468894
9181164
9221279
8340371
8804740
9290128
9586540
8590565
8778116
8306807
7893964
8608774
8944713
8832839
9326780
8722152
8110317
8267345
8740162
8451375
8617944
9183207
9321782
9422986
8667836
8385021
9303876
9043045
9026087
8836588
8354287
8301035
8410928
9407956
9239382
8694185
9358559
8518842
8360489
8426954
8726532
8540635
8995657
8003601
9262541
8503194
8236298
8437386
8538133
8362895
8968897
9866525
8346062
9609738
8930889
9474899
8948631
8844672
8307829
9160039
8011697
8229143
8864227
8559952
8273401
8129281
8225984
8572686
8393005
8357818
9529590
8885688
8853001
9345219
8210010
8569652
8163908
8572325
8952632
8089737
8005532
7911632
8283882
9808032
8311881
8832428
8607580
9024972
9809673
8656847
8589920
8313679
8431980
9020233
8630890
8637143
8848028
8415137
8325488
8625401
8266604
8999016
8777116
7798955
8214448
8271721
8723226
8550442
8222752
8482922
8237917
8135979
8446153
8021068
9063926
8654376
8350202
9517843
9776484
8674750
8052566
9081889
8342871
8389199
9058868
9036300
9293845
8855653
7964364
8929887
8278702
9429834
8267578
8433815
8694415
8318029
8336095
8146943
8000733
8326042
8551369
8181588
8148874
8697321
10221235
8214256
8400160
9092073
8687844
8411017
8879574
8823704
9366049
8509550
9133962
8570766
8963364
8384482
8768007
9203279
8097770
8612178
9060144
8156570
9186751
8228753
8749849
8026949
8984463
8413562
8348782
8405292
8222158
8203037
8183495
8779321
8197715
8699976
7886609
8306876
9162891
8464060
9777834
8274214
8451517
7949661
8628792
8874485
8167153
9356853
8388236
8715963
8190863
8367214
8581372
8603609
8809277
8171351
8679635
8455731
8366004
9247081
9262310
8998652
8044739
8197261
8180524
9089542
8222318
8568175
9435234
8232932
8740110
8430546
8152966
9125096
8457435
8229578
7934969
8678561
9026599
8399532
8058752
8953232
8502807
9002549
8350373
8542710
8125447
9059342
8195335
8616332
8051884
8591005
7926355
8497348
8219483
7865915
8527536
8490674
8224572
8934152
8369371
8860256
8547622
8480794
9789653
8210683
8848736
9092268
8401338
8552945
8758191
8085933
9020001
8258345
9438789
8474239
8229860
8799507
8329284
9550780
7955313
8602803
8578866
9006685
9304374
8132561
8357994
8865059
8753161
8152840
8349047
8723963
8429918
8788791
8268539
8281832
8144606
8255890
8191189
9076358
8579191
8792258
8669999
8282903
7996701
9217722
8464480
8368528
8997872
8480896
9048744
8181729
9951359
8609851
8426870
8477705
9596639
8699582
9029253
8510019
9328992
9003257
8517466
8676988
8466543
8183114
8507175
7929910
8812925
8963601
8597432
8923003
8193970
8242906
8182157
9869644
8812178
8488141
8448567
8033574
8437192
8694703
8579792
8668563
8681382
8620221
9227521
9804320
9150473
8845451
9165126
8134986
8249439
9175822
8964442
8520673
9149938
8358992
8863621
8547994
9438002
8255074
7899529
8692594
8117369
8381129
8264802
8854266
8756343
8687987
8714981
9090689
8833027
8744865
8853551
9124521
8646039
8873427
8373723
9116830
8480983
8425652
8044983
8339796
8782930
9580052
9689598
7868431
8584596
8926160
9389516
8786689
8161744
8607593
8733505
8208300
8102785
8931587
9171520
8231435
8451496
8579642
8841768
8199390
9653440
9021673
8556232
9200205
8305259
8598646
8757295
8612060
8733353
9589251
9179360
9766362
8761119
7896632
8938802
9587851
8756470
8262576
8764191
8840585
8658825
8261594
8686965
8988483
8137911
8725972
8294849
8479351
9058300
8245470
9842734
8713353
9020162
8740575
8514397
8210156
8809980
8393400
8377420
8251160
8720860
9396487
8096351
9684884
9707655
8239714
8524253
9054990
8082905
8201659
7784112
8324069
8423904
8574994
8815798
8456793
8090223
9336320
9140393
9023306
8381434
8901056
7926520
8662960
8661542
8271178
8145826
8940228
7975572
8772915
9129269
8969889
8638360
8811005
8459977
8279705
8565881
8497855
8358998
8099318
9368874
8658862
8602893
8711862
9103479
9102279
8693128
8711057
8053941
8622812
8334927
8219827
8853222
9080741
7992861
8807117
8639683
9060594
9349673
8864699
7824419
9014843
9554882
9207025
9071475
8450553
8468861
9043822
8663810
9077340
8510157
8574131
8747402
8721580
8301174
7983307
9190981
8212481
7833413
8442137
8384792
9531102
8176824
8244598
8231877
9317943
9351832
9140583
8739897
9532446
8206962
8470189
8662381
8319038
9159613
9303646
8884730
8443292
9087736
8786850
9129463
8563544
9029378
9323962
8445316
8240372
9482632
9627492
8672115
9189002
8712021
8571031
8251434
8432531
8618378
9340664
8037071
8269397
8750007
8908901
8164232
8560060
9030682
8677774
9053486
8434647
8166969
8811759
8487582
8521457
8574489
8771070
8690643
8196413
9110541
8738376
8690600
8719958
9213062
8836023
9365910
8568802
9730047
8818634
9206136
8145783
8351153
8037768
8174503
8482792
8858269
9320010
8303020
8862844
9102107
8965616
9074245
8966982
8950523
8966871
8361304
8412347
8575270
8690972
8960563
9816348
8513782
8266246
8820489
8847640
8262911
8138155
8879737
8369837
8169128
9171789
9221834
8862384
8858990
8563309
9006470
9173939
8892862
8845147
8930361
8265270
8710598
8666949
9119397
8537930
8421660
8641422
8724750
7892557
8438442
8478606
8852710
8596008
8564516
8072029
8446043
7837555
8526220
8806458
9156099
8439336
8510775
7810028
9081483
8684549
9093265
8047654
8353469
9406796
8700085
9700403
8566009
8673108
8903420
8692581
8753030
8352216
8010374
9609310
8251646
8439524
8659337
8592766
8618995
8101457
8836161
9279673
9266309
8389886
9272493
8342316
9385460
8094100
8262107
8311125
8445165
8920615
8223324
9077712
9040139
8894765
8609664
7988169
8469213
8228520
8235014
8863728
8932039
9315058
8690394
8691775
8975691
8479152
8337911
8042554
8852924
8659205
9384793
8559860
8410738
8305014
9327627
