9193688.25347
9173617.50714
9904775.62643
8819470.55564
10324663.6721
10017994.4659
10177262.0283
9876737.84918
9853588.67539
9552980.85794
9667740.21623
9083607.42326
9340312.18654
9673736.0106
9353578.37941
9755255.73949
9673693.16558
9164330.97771
9062168.23303
9017917.25228
10483664.4637
9222505.8423
10218793.1104
10618741.4122
8899919.85446
8916717.88792
8942409.18875
8957519.46252
9983754.68631
8669733.84327
9860093.39876
9906719.10778
9011969.30703
8752081.45595
9078035.94337
11258153.4856
10338020.1289
9834328.40973
9497365.14767
9323486.7359
9617892.79531
9959617.00926
9261097.8743
9600175.87559
8819406.62189
9094425.54313
9098030.5601
9349293.42668
9607143.50487
9110824.62413
9089373.82845
10312336.1099
8815548.62107
10597663.3329
9959441.14313
9185842.91565
9255955.21582
9787392.63249
9603041.98892
10731431.5523
9270957.94166
10038807.688
9853221.75116
9935426.67849
9355137.37805
9694239.90072
9443654.54283
9657733.85008
9755904.70087
9134485.0736
9573826.51261
9550587.42465
9901395.99902
9563006.18221
10560292.7097
8849904.34459
10246360.1393
8971388.53068
9647922.35884
10135760.3668
10172634.5774
9563725.00319
10476002.5227
8387732.8909
9637389.47074
9371144.15927
10010197.1088
8989097.36057
10082004.0096
9875136.18088
9902139.30268
9501558.76111
9890337.4517
11579097.6404
10110785.6023
9071447.09663
9200588.40624
9075655.52623
10354607.2153
10229584.835
10278066.0597
9670970.34507
8983211.125
9138846.09963
9599576.61056
8809071.66993
9738185.32636
10407134.5411
8971993.9538
10434094.5681
10542576.6047
10131645.692
9533116.84202
8971213.23217
9711872.79609
9138921.65519
8994330.0731
9082382.30242
10267594.7733
9514802.79564
10959080.6912
9215165.50795
9706746.00783
9407123.17294
9654496.98098
10767075.153
9034050.0
9177107.42322
9856694.96489
9598038.21037
9922634.05599
9515107.91306
8512953.60379
10620590.6713
11403858.0146
8805973.35046
9333563.6553
8793221.62509
10487221.202
9613758.49705
8750754.20339
10025635.6944
9242786.60823
9798703.77555
10296286.0009
10374997.7234
9823851.86743
10764147.5233
9926048.72582
10263814.0345
9978897.77288
10097748.0653
9090015.29779
10203252.7954
10044339.8368
9905626.16753
9850287.67688
9301619.10353
9796646.10783
9775739.84774
9248149.9918
9875022.86356
9686908.06715
9760648.91035
10263150.5859
9018585.14473
9716770.29083
8701458.71235
11206014.4367
10973133.0542
9943499.19556
9605089.84131
9971781.34056
10377848.1128
9796854.33325
9230248.52629
9951807.35556
10464666.0642
9438668.32717
10185238.6023
8944647.32643
8805620.94835
9186672.27217
9265274.83567
9484409.95481
10128828.2845
9731602.16913
9406652.46268
10488587.7928
9599806.68207
9531284.38429
10200843.4657
10272785.3003
10088793.824
9221951.12146
9949341.0385
9956854.1291
9671349.18228
8985253.9637
9194150.37441
9874686.87867
8625716.35735
10014158.5246
8749189.48788
9486534.40743
10251022.6983
10345766.2941
9658166.75716
9605672.40883
9555642.44672
10963156.4543
9571953.13677
10576662.78
10449156.7011
9408760.39851
10259780.1757
8999128.03706
10534579.7532
9694017.75727
8852017.84452
9452057.10615
9430449.6967
10163598.8829
8998351.08906
10438213.4808
9483166.86855
10432684.1593
10082687.5305
9453840.10814
9364218.8286
9403581.82403
9488883.8131
9229251.95586
9833589.12877
9756014.55074
9011992.57021
9508706.62348
8766666.78513
8655261.38007
9857209.27872
10483234.1528
10426188.9874
10701701.4181
10623702.4841
9659640.28774
9950866.24009
9686412.61588
8998550.74987
8999481.6521
9261117.24242
9793203.42222
9889569.05316
9695172.9642
9486645.46459
9750836.18145
9087548.44395
9537811.87408
8860982.18923
9542666.49598
9859114.49726
9191426.20979
10059069.5602
9580248.90563
9453716.46568
8976628.26558
9660803.01664
8593787.50412
9016374.926
10100000.184
9553285.9464
9198801.18374
9528080.60986
9733319.45295
9948471.68989
9073092.05748
9651956.70258
10162313.6471
9586525.29583
9913561.97939
10432124.2971
9299260.12938
9040277.64017
9894510.12108
10915150.0835
10832349.2795
9353022.33204
9901133.83328
9969382.72939
9352586.6676
9170886.58422
9657203.41616
10047990.0417
9912737.21294
10644111.9164
8724227.51091
9074489.62065
9057250.52799
10009815.5582
9142607.65329
9493405.51422
10726383.3295
9390394.71476
9833737.75863
8939903.71871
10066182.1649
10167864.8649
9982627.53807
9303847.76915
10081991.0949
8881743.76951
9389885.47161
9877280.24966
10265047.5319
9132873.52938
9056865.65094
9909198.32315
10238444.4297
9235893.40236
9472204.46482
9745035.68751
10267550.8434
8992675.04551
9342657.39681
10243851.0454
9659400.57883
9185174.5216
8848016.41043
9730224.33806
9065259.05676
9425220.63429
9629751.73908
9601077.0278
8965744.82911
9983982.2431
10217287.7997
9938588.62358
8903536.26228
9597762.34355
9992788.89012
10122020.8688
9498123.02648
9563728.95455
9921083.31065
9960578.77256
8803418.50938
10276478.6174
10793625.6212
9895098.98578
9564858.29534
10518986.6058
8704008.48377
10696433.1675
10188293.4797
9494503.34197
9966308.0552
8981163.71285
10151258.5213
9554798.95089
10010512.1542
8898798.74993
10160003.2575
9339034.74329
11257622.5187
10107710.0068
9478590.20181
10046999.2344
10241030.9759
9657845.31564
9861527.34471
10025974.2128
9165345.72855
9078100.92094
9381935.56128
9624316.7994
11013471.0471
9616974.17285
9700606.31701
8861366.58369
10037133.9299
9746544.55912
9833195.55214
9502676.61597
9962099.77912
10015855.9063
9592572.30824
9064337.67946
9815559.30758
9883306.71542
9457083.33218
9589620.51941
9343480.20932
9630309.97773
10381425.4242
10083232.8682
8964748.96025
8941235.52733
9383068.0641
10202291.3
8899769.02629
9582138.74629
9870967.75625
10186025.4856
10620434.3248
9839672.68421
8735009.27251
10391791.2014
9389913.69633
10207276.1426
10427749.2354
8883409.20206
9757988.86354
10338993.0933
10542567.4279
9372408.49155
9187921.19248
8552652.11743
9895328.27597
9803767.27013
9776435.4691
9704187.12177
9297096.77983
9922004.61783
9344526.75103
9650474.10124
9460930.77767
10496667.5716
9003000.34367
10143763.6025
9224881.0757
9084796.35577
10395958.7539
9427144.17874
9882703.56359
10020265.3669
8995667.21333
10438052.083
9968666.91716
10367623.6322
10037894.153
9498998.1478
9311359.45573
9785482.10054
9646788.3457
10509365.0911
10240171.5471
8912373.90251
10344414.9062
8705698.53608
9105993.8074
9680926.35213
9122885.02986
9563393.75564
9725371.21298
9660077.00614
8992210.43838
9603055.07057
9571296.73851
9013196.44883
9615087.11918
10739499.9609
11262146.8472
9605009.52755
10646782.3496
10016778.1689
9271499.72706
9388935.79492
9095212.89117
9682125.0
10722350.9147
9178562.02559
9731534.38051
9538528.04007
10252804.7314
10189924.7072
8921785.70564
9512786.76231
9873221.70393
9884449.99805
9088913.08257
9629143.98111
9586686.69425
9427481.28249
9202644.9208
10462741.9002
10244102.8706
9332397.45977
9711176.95015
10033369.8533
8913779.39915
10248356.0314
9770967.87162
9282997.49246
9742102.13601
9515668.00317
9246210.49197
10374083.1009
9302258.7762
9583108.72591
10172407.5063
8928895.91054
9375878.45225
10795844.237
9178916.79333
9129074.48169
8695490.37725
9116470.73959
10667399.9026
9952810.84309
9387735.62705
8733009.32128
10062699.2917
9785791.37939
9543762.51613
9552908.11352
10668790.1904
9102960.95444
9309975.88598
8974792.22725
9090313.92134
9425125.51261
9316152.12477
9288354.45821
10449462.7273
9194760.94418
8852549.59103
11222786.1648
9704629.72701
9698929.89894
9385987.02843
9127267.53168
9849212.64459
9917252.4323
10147436.8666
9153590.14963
11094897.1369
10204913.924
10723260.2163
9909877.7014
9680089.05069
9763314.29707
9376887.84927
9697138.21367
9436316.82306
8926504.72724
9798015.96581
9802500.91111
9608526.7724
9270065.29986
9260577.69264
9418086.07078
8798339.48052
9509230.74202
9822133.87471
9735971.5478
8841237.67878
9427317.27376
8686576.31285
9890020.4657
9352082.56103
9160552.36409
10859841.756
9571428.58737
9042879.28593
9851022.30643
9891604.08424
9248977.32997
9255218.5531
9149546.11682
8916963.76895
10061514.8747
9447830.03625
9660807.51438
9837469.27746
10236013.1749
9616897.77376
9094165.10405
9592557.84461
9129668.6683
9576991.62443
10133666.7265
8985456.41531
9604005.52205
10903202.7409
10198927.4747
9564817.36242
10991514.7529
9454385.23534
10254888.4874
9864646.98951
8964791.52521
9838170.45297
9702666.36933
9223610.19631
9547460.90454
9264445.10978
9486237.21196
9921364.06419
10175285.1633
10130584.4793
9375861.52549
9631916.28836
9780107.39369
8594605.78438
9290886.33862
9861600.59888
9154813.61088
9705376.56357
10233389.0327
9448303.15716
9806613.99988
9790667.63526
10063416.9512
10378462.4344
9020736.01022
9062770.96958
9858225.92155
8780421.53787
9896207.3208
9150245.68614
9806130.71768
9095340.59203
9168550.75061
9363341.16949
10444107.4522
9310481.13461
9608008.57337
8868029.02108
9134254.94056
9796358.07966
10542957.8441
9186142.85997
9275860.17771
9092355.37657
9494329.48678
9918745.67797
8868675.92214
9904814.06485
9226750.43145
10452562.4931
10211868.607
9221728.30633
9776391.31747
9055563.6893
10202232.3882
9810923.67918
9264652.32805
9445581.53563
9842411.09783
9510826.19258
8984563.77936
10393539.3348
9090581.57422
10155086.6434
9224533.54912
10307794.3852
9403940.2288
9259282.91098
9757103.32017
9229480.44577
10064432.3234
9228014.54076
10119171.5248
10241404.6418
9411331.14003
9338036.79297
9161127.09525
10118338.0108
9121113.36554
10092036.7873
10324277.9965
8859836.425
8627451.30594
9625504.05898
9291373.80115
10649796.7704
9553440.7799
9605386.84073
10175786.9423
9746412.19962
9126529.52887
9085766.79298
8724148.72703
9391472.1851
9533595.758
10379606.3442
10069973.3713
9584210.62431
9312622.5788
9045582.09691
9782597.75351
9909506.85699
9215382.82737
9946946.65718
9133160.064
10031714.5456
9504454.33931
9270571.03046
8865676.74222
9744525.86328
9516447.47619
9165021.62343
10005421.7334
9367751.73907
10216119.3188
9249745.17805
10755614.1618
10398783.4151
9154541.92206
10357185.3081
9040955.86556
9800519.90445
8840251.44614
9731195.36429
8998735.07987
9266116.80822
9654543.03179
10089018.2789
9507343.71676
9589068.34687
10204269.4594
10517806.553
9123190.42484
9104020.3656
10264872.6588
9700155.99819
10007696.6604
9486859.10826
8989950.17823
10170997.6539
9259131.84455
10128324.2825
9463591.58958
10560521.0569
9498936.73114
8879022.04703
9231571.34871
10290056.3874
10187442.0005
9454534.10625
9326674.51924
10242605.7311
9367055.23609
9876290.26561
10124410.5735
9187760.70386
10315125.6685
9628089.59894
10483247.6566
9631179.00517
9357274.63068
9587724.97105
9834487.88802
10033828.5522
9391999.60658
10061563.946
9533578.25484
9373772.32107
9764580.28186
9466621.68293
9321461.0869
9561558.26048
9295695.34817
9583872.85138
10025841.4566
9309702.34588
10010023.3619
9861144.68379
8886910.70949
10370668.1048
9585328.71109
9880036.64793
10339976.5412
10159228.4084
9106926.78797
9481308.15979
9505611.48407
9451123.9592
10299389.5745
10170282.2664
8790495.28553
9216371.23687
9189607.29079
9066547.822
10382256.4622
9128731.6467
8889725.6107
9517810.52769
9040760.45636
9165023.54967
9614178.60304
10500438.069
10893315.7609
9749675.38592
10069967.8233
10385376.3637
9326603.33454
8545762.39149
9903583.49972
10274265.6597
9464516.11563
9937437.31389
9539227.20057
10576358.9248
10130822.9325
9906797.24263
10179641.0176
9516761.6057
9190696.03087
9452564.26795
9467878.79131
9737064.40975
9272480.30431
9454030.55511
9894012.98099
9974097.99733
9467727.33871
9585601.80253
9345393.35994
9625777.00734
9247387.24971
9855138.33991
9969249.07336
8773147.75333
9938757.38812
10589132.4555
8718975.57749
8962147.14476
9906837.61947
9337461.87842
9617135.96077
9431404.91755
10007049.9261
10030217.5327
9055697.51626
9520434.6337
9106430.40221
9385751.7019
10099507.7146
9702683.53302
8643120.95804
9586309.49861
10056775.1841
9967942.05295
10383362.5057
10190148.4133
9614222.64002
9740865.32086
8595582.97065
9571464.77603
9179486.51664
8694068.32335
10509742.4324
10236938.995
10251577.8123
9469978.26101
9501265.81185
8892287.62909
9549671.70791
9159618.57099
9841329.34884
10161318.3865
10564215.1244
10114269.1621
10123709.5204
9357922.90211
9749178.92428
9927874.07372
9019115.68504
10050472.9779
10149332.9193
9811451.6139
10116769.6754
9919460.56077
9938289.30091
9258316.34934
9956625.47102
9786973.7774
9508617.28255
8439584.23385
9199781.46301
9478166.25569
9791059.26812
9248660.87843
9416610.91015
9749382.28178
10418447.7495
10039818.842
9474185.98094
8963460.8145
9472889.48983
9481560.05538
9071731.66485
9868702.96084
9209412.2339
9107837.97291
9235036.93695
9099969.65578
8876265.41098
9112186.02046
8462128.18443
8804882.41939
9359560.20538
10525461.0386
10253534.9861
9323600.69658
9791863.02192
9480328.67529
8638353.23367
10242238.7151
9746429.90644
9034229.25641
9235713.93053
9978837.23488
8899743.82075
9058477.07619
9330417.04597
9182800.90821
10780482.3161
9043797.81862
9615133.05166
10084043.1285
9933679.04031
9510517.91483
10413933.2751
10686001.3309
9560491.89955
10526951.9662
9191592.5219
9984107.72471
9941498.54307
10459902.587
8664940.31652
9412484.74227
8643163.24489
10566222.8327
9687340.98186
8688422.05428
9862420.16147
10700848.2979
10874710.8951
10118947.8123
9466561.19171
9739063.41372
9679819.89814
9340165.38577
9937192.68705
9053980.85339
8937967.9271
9712223.90353
9486280.59949
9790155.0
9427086.13379
9823686.98655
9151632.97043
10522947.0383
9374923.27723
8747797.80646
9839805.40654
9511910.44389
9414072.23531
9873044.90834
8909551.10974
10194276.4325
8998692.53646
9477688.60555
8671480.56971
9731916.72289
11140615.8571
9918938.53224
9784374.94168
9265249.52724
10531124.7238
10363746.0036
9995147.2883
10435110.0
10430316.1493
9837684.98746
9759931.49319
9562407.24458
9565332.87064
9439375.04621
9071581.46417
9643200.54233
9274725.92418
9689250.11721
10553090.7836
9841967.25676
9747630.65858
9759468.97224
10332934.9037
10416548.68
9971658.44068
9327170.06827
9359357.1909
10909747.0104
10220409.8918
9559237.00605
9930746.94443
10455438.2087
9627862.50969
9139177.72982
9213092.25044
10411220.0272
9666215.89641
10871890.7926
10177877.8434
10958256.8656
10088582.3929
9839482.89286
10069702.5711
9770506.39704
9653020.19582
8959049.16217
10223141.3601
9758059.3874
10412626.9215
9147290.90008
9629080.73089
9146315.31623
9508474.83441
8991352.76166
10825413.8033
9780085.12173
10183768.6079
10259392.6659
9798184.52077
9189220.27097
9165674.14743
9277882.3664
9402801.60609
10027366.9532
9793296.76158
8895615.99873
9059577.22936
9023962.10516
9917887.86182
9305916.58886
9340741.89477
9610908.83836
10033929.6397
10079108.3834
9281670.32545
9544038.46517
8789529.13305
8667624.60052
9278587.22714
9024712.73246
10029915.6348
10358794.7982
9648761.56217
9117905.58021
9103958.42072
9560110.29796
9996006.41544
9688208.96521
11050732.1828
9017761.09597
10422729.702
9259097.16685
9100941.02111
8990002.25382
9518391.63479
10197535.0364
9661350.48539
9329361.21434
8963909.88812
10467296.459
10101827.0402
9908205.62325
9900822.68858
9675987.91128
10196345.9657
9927510.37599
10052057.317
10122612.4794
9400362.69931
10100661.0164
9873219.08491
9919013.11127
8825764.32947
9170754.03541
9027300.19805
8881066.00859
9206427.61945
9998322.37017
10038018.5346
9620565.42476
10193875.0983
9208769.70728
9942976.05256
9112386.74698
8781759.74024
9107804.14769
10115265.4568
9426089.63009
9483055.32669
9588710.55262
9906269.03515
10578972.5079
9792103.65267
10177037.5237
8858993.04052
8936769.12316
10498951.5618
8991784.81592
9828321.64027
10243343.688
9573348.24095
9477200.02805
9757462.0158
9859968.15811
9342800.6167
9294131.83648
10140000.1639
10521426.8005
9811531.42412
9910791.87935
9834305.5113
9903741.38332
9419208.90087
10126101.8355
9498182.43586
8832197.3967
9196196.83951
9613571.10402
9634243.78234
10406865.9553
9575586.61311
9661814.56307
9415700.82416
9361736.24608
9538185.85289
9171556.40596
9166730.4849
8635254.95529
9184472.67786
8935873.98043
9348934.42579
8787387.74243
9105713.26075
8995418.14785
9471631.97016
9451242.38905
10354857.0761
9806617.34536
8801756.03273
10273975.0308
9692383.36501
9511827.72812
9413489.90527
9257182.47699
9400827.41364
9374429.29682
9985924.93853
9315876.51565
10280124.9065
9467827.38444
10242600.8108
9085819.8699
10382566.7172
10861367.4342
10366083.3364
8869172.63891
9694293.26775
9332276.11324
10539215.7636
9915149.92385
9414989.25336
9264836.10467
9667152.00148
8507691.58585
9846909.56954
9783578.74149
9072399.94498
10226462.694
10179701.2904
9620711.79364
9930555.82298
9440870.90649
9419252.39108
9189040.27952
9592089.54399
10335047.6321
9054293.91367
9210481.58461
8930224.21391
9123924.65507
9939018.96553
10711987.9136
9049250.46256
9528859.40247
8665431.09001
9288770.6405
10273736.4232
9666423.69328
9621569.44666
9357061.39262
9591375.9986
10488499.0318
9646120.34217
10004703.4602
9304033.52172
9393929.76596
9634131.26313
9253664.63189
10384166.9302
9837411.19957
10308795.0654
9794031.15491
9454192.05226
9615903.17283
11732523.7349
10057714.327
9928896.77351
10053245.2182
9772870.20397
9254774.52559
9919838.47541
9107513.05611
8721570.93253
10131186.5178
9409918.77639
9388391.56853
9455356.06834
10311970.8769
8899759.16448
10675853.7733
9658257.25262
8848683.95376
8800552.0545
9654266.9499
9607869.978
9662979.81486
9690691.62575
9155182.43257
10952149.1307
10046098.9736
9753206.27352
9097670.82615
8761211.41955
9730317.13163
9744629.23435
10112487.8239
10851787.3014
10326964.6197
8946188.14937
9360469.8087
9954022.02156
9842976.16077
9251930.51247
9125516.36362
9494294.74388
9275685.99729
9425321.5634
8888341.779
10203716.6719
10134662.5273
9532922.14195
10072854.6705
10087763.3561
9640403.11953
9737023.44949
9298152.36349
9901976.14805
9798657.25109
10045416.2974
9816160.88546
9386908.93797
10474139.7724
9154942.72887
9409469.07875
11337467.9035
9812653.69118
9477599.92136
10154869.6537
9042741.49411
9030070.30524
9856561.48517
9826828.10566
8774646.95587
8832481.20701
10095130.3888
9708824.00686
9685544.29567
9035023.2419
9942339.72913
9643922.12758
9199220.79046
9485235.51741
9258198.41668
9234308.56243
9268421.25877
9521981.25817
9220131.54522
9019902.52456
9244987.41557
8834303.80314
9452333.05037
10048617.8221
9303412.4202
10042508.0602
8626386.89034
9598364.72543
9186120.36044
9082888.25587
9221836.1094
9244503.89523
10422328.6017
9983711.7636
10829691.0268
10023521.9679
10084767.35
9997641.90078
9823434.01091
9447570.00617
10381195.7694
9375636.56272
8956792.82866
9277834.18946
9673271.08375
10923505.2259
9420977.09981
10186695.0883
9946488.71942
9174772.55895
9332414.94315
10047039.3702
9568526.8417
9774878.30017
9571171.34593
9485903.8747
10329547.1322
9042590.64947
10606216.3156
9554252.14367
9807904.25362
10420403.6605
9279491.43129
9734649.02369
10372481.3388
9238375.91563
9179134.11478
9472982.4616
9654930.18383
9209851.55427
9879594.8538
9438450.49392
8803791.90154
10289204.7888
9727663.01418
9115362.88773
9668392.4296
9966743.72165
10261866.546
9901298.3735
9352412.86089
9844277.63234
9256468.40128
9775889.37224
10583487.2498
9712580.02183
8980332.56198
9572263.40545
9248933.05569
10008442.7122
9010713.76592
10722430.8905
10791002.5257
9241094.92614
9982469.52166
10510842.2929
9628828.6344
9932929.4655
9974058.45544
9003881.41361
9631188.03347
10124478.2583
9433775.75302
10190261.5348
9909344.54218
9047778.02106
9799289.386
9203989.5346
9388090.71382
10040507.2116
8561971.79264
8887857.14275
9307857.9692
9177763.76675
9397345.57449
9517235.23646
8801511.28301
9962451.01787
9739756.7081
9910532.25027
9521245.0062
9580849.5454
8866901.30113
10955044.5665
9259210.17119
9136697.07525
10330801.0449
10386916.9299
9451243.85444
9927366.92144
9632892.53315
9150350.70403
9158014.07373
8753381.59831
10647115.2458
9425680.48229
9860653.23102
9559987.02788
10138763.5243
9631238.76034
10118819.6921
9293262.06882
9935617.94262
9250165.62878
10348001.5295
10026531.8869
9632618.97627
9329865.49241
8909062.29929
10285820.2586
10438048.74
9007085.50711
9789746.3377
9300813.80184
9583703.38032
9562223.21177
8610908.84107
10188318.6744
9340922.51757
9341954.61632
9175420.41155
9065188.02183
10044298.7739
9963013.29169
8979958.58641
10323396.0275
10181204.2081
8536798.42002
10287317.583
8994233.56301
10530669.9676
9691378.7204
9102864.29389
9424428.10232
8894602.83218
9390578.39685
9707464.80781
9762435.77378
9376551.46344
10322421.1898
9074382.63266
9363074.03404
9262042.99643
9524631.39874
10128639.888
9886932.45066
10075448.9646
10520373.0012
9046260.12636
9191454.89836
12120189.7136
9350393.48201
9705990.24448
8720415.85737
10050334.4957
9737796.58488
9274744.35263
9558851.67211
8945823.81749
10174263.1003
9628096.26426
9105389.01538
8550224.32725
9006425.50452
9804684.87607
9537336.30796
9943781.52109
10202740.8342
8987056.5256
9541084.17354
9631115.1415
11323748.1831
9322532.68242
9148057.05375
9407173.93809
9091223.13147
10006130.4712
10235099.6379
9636120.10864
9195024.88516
9488128.98221
9638600.62142
9970598.82308
10305968.1025
9199906.68466
9471254.93217
9177482.29845
9701026.33584
10239896.7609
9608189.8166
9549361.06036
10506445.1033
9585381.70615
9912172.95672
9523958.65457
9160040.56331
9618477.07409
9342945.89296
9052133.53038
10410263.5282
9772804.79069
9618709.57219
9985226.40111
10524841.0354
9906483.68211
10078727.6139
9618771.11526
9262747.43911
10097650.4567
9830241.45574
9072441.36172
9126288.77812
10022869.9112
9649514.44641
9152585.90107
9836258.96965
8941142.12302
9838536.99399
9648594.94573
8925480.77855
10036861.563
8535364.05847
9783230.65034
9341675.87748
9752070.55714
9126691.43548
9874561.60134
9422361.57606
10705005.7133
9818342.04943
9802392.39591
9700348.50661
9733641.91274
9380712.39679
9423566.9634
8621907.79556
9942261.98424
9298088.65414
9844728.1059
9220404.11999
10368086.3719
10408278.6059
9661729.72511
9538117.84356
9841522.40106
9407800.07494
9465206.04027
8917134.88282
9353690.68712
9444858.28546
9571518.12771
10170849.6243
9205396.37479
9093031.48177
9599183.72692
9749518.35932
9905104.82291
8816425.24689
10626658.3631
9308251.30648
9618221.02695
10285550.851
10828258.7291
9778598.27429
9657004.98225
10762265.9241
8911836.3701
9658287.26042
9804663.29971
9397204.53336
10079726.2804
8949846.42223
10461303.1789
9964024.91329
9567311.17456
8947266.00573
10298562.5761
10168231.4221
10353814.7341
9465333.84603
9341207.76569
8936937.50451
9644216.79752
10287549.3845
9326734.99594
9461816.58209
10152812.9084
10287427.7478
9404693.32158
9114600.01615
9905165.19629
9905901.81359
9558179.81262
9083053.00399
8627820.88864
9140472.67969
9669103.98684
9702319.47177
10505806.4073
9213255.37561
9317254.02032
9703775.03954
9946206.06809
9557706.01028
9805594.25864
10543812.8609
10134854.5833
9516605.27766
10426311.4376
9638910.0
9435868.41539
10555595.9618
9371256.79359
9268998.52953
9571373.68566
10163439.3111
9208405.93008
9880303.58947
9659695.53033
10764894.7306
9712621.23942
9926616.82331
9294881.40562
9438761.14121
9395568.23525
9463674.26168
9702900.1383
10119440.5907
9707512.21356
10702591.5701
9838871.41804
9747778.57371
9342518.83354
9201720.97966
9813410.65172
11087660.3432
8757388.82947
9643321.63205
9628658.27617
9724960.25866
10167002.8287
9551440.21678
9267064.78083
9670941.97835
9249511.93875
10067395.8616
11182304.0747
9914458.09368
9568106.18745
9828481.40003
10099093.3423
9308126.27091
9622140.10467
9462090.9424
9126748.32035
9184377.23154
9420960.28472
9435516.70448
10482629.4571
10146299.4178
9778727.51315
9833751.21417
9228790.75641
9998933.01239
10723895.4879
8980282.9403
8855824.28146
9837640.75919
9528212.11187
8571614.31733
9236575.34076
9726837.91818
9276556.47589
10122548.0788
10267826.8009
9866220.27564
10006717.7202
9620473.20751
10236303.4947
9862801.25958
10064850.0516
10569704.8557
9400480.28733
9624496.67654
9696622.92116
10002802.1779
9364706.00585
9159263.38991
10148129.1011
8631081.81584
9639164.75152
10013010.3233
9835123.55546
9620934.43718
9713611.99708
10612850.3138
9762839.45575
9934393.85427
9567088.08136
10929831.5416
9239563.7785
9879342.9077
8464161.46349
10149652.7473
8916314.25317
10135579.5213
9261679.94241
9169962.06704
9635515.7205
9456097.92763
10192883.9753
9833620.88462
10553621.6996
8880035.20831
9781796.9018
9526559.57465
9177059.44936
9366561.06148
10798740.4746
9297476.28349
9285741.7694
10014241.2336
9021149.40582
9132612.85623
10335290.4218
10644279.4954
9878229.06389
9023276.93367
9679966.05489
10558290.5216
9968155.95758
10122150.5209
8916436.1129
9969368.6033
8989292.07789
10107822.8788
10572062.6275
9156668.91999
10541128.7579
9845989.29875
9412065.71749
9394168.62104
9007585.89981
10166202.5375
9028932.89482
9322924.36063
9371906.9537
9455206.67502
10082574.8574
9112411.89271
9875352.06417
9084571.08335
9872766.33433
9463365.47922
9916065.35415
10458005.0345
9506518.81396
9603831.0034
10656143.9257
8660559.84188
9384768.53581
10034874.3285
9087392.80036
9454774.3569
9888870.83576
9422335.37863
9451479.82991
9192985.07475
9483007.7773
9810376.0551
9021946.10463
10844904.7575
9485883.45634
9723860.50337
10470724.7968
10517102.2088
9744093.06303
10210409.8663
10317724.6337
9442022.77193
9106367.72394
9066505.36784
10039793.9985
9423622.82478
9550340.66431
9012698.20715
10354435.0391
9283810.96697
8869159.89426
9462659.55974
9461455.08792
10152202.6662
9101423.96939
10734497.4513
9982821.85551
9922036.57413
9684265.93688
9607750.3307
10078444.5151
10068829.1982
10378263.3033
9500573.20853
9626062.3108
9517170.90319
9981091.78166
9528911.24985
9552634.55009
10182488.5324
9919124.20444
10295812.8705
9568943.75586
9286721.72206
10659170.8577
9025628.03617
9251406.8816
9631224.01017
10790032.5204
10725325.5909
10403786.0061
10297654.9574
9979334.00425
10538145.1001
10100379.1935
10404273.9378
10451026.4839
9646488.61804
10013734.608
8491880.44864
9662067.2823
10505691.4501
9073368.69929
10160705.1686
9301512.16918
10351570.3763
9486889.54867
9470873.64598
9736258.34672
10492267.2382
8913030.77003
10790243.362
10807117.7798
8968266.894
9263320.76196
9876599.99409
9979515.1275
9363881.17785
8764898.95909
9283639.23031
10088151.8057
9851395.73087
9972465.189
9977778.97235
9790007.1258
9863895.05305
9226920.31977
8944657.84653
9614949.41017
8525418.60517
9699733.05594
9622405.2391
9307771.88696
8823389.59668
9997183.75207
8753114.77202
9449483.19527
9628131.91893
10424964.7823
10255672.2349
8929780.517
9780636.57817
8983570.53829
8908383.24882
8916512.40632
10032032.5203
9731100.55428
10382329.1202
9885308.39046
9672223.75147
9312631.08303
9741639.55929
10338154.7479
9925843.37152
9055225.74049
9193923.17888
9347468.27547
9188022.05176
9356845.95754
9701889.07171
9484056.50428
8782552.32663
8957746.37316
9426068.98719
8953270.8486
9115256.77591
9669876.9193
10890741.7047
9984781.74573
9170289.46325
10069033.6638
9988226.02285
9010850.94721
10158298.7129
9828205.89284
9018888.5474
9790658.24622
9538709.23446
9457055.83938
9300024.15939
9245179.0645
9780800.33446
9427512.45843
8562578.0177
10071575.3832
9582091.91535
9553032.7324
9120069.45836
10094360.7854
10554843.1219
10515513.866
9915997.96435
10190912.3205
10558827.2994
9164196.99628
9323759.93386
9616950.91957
10065158.6134
10048851.0626
9513048.92209
10182892.8075
9854379.78489
9821804.00833
11120521.2535
10546042.5807
10887390.9516
9759394.72917
11016806.7128
10163781.6407
9934250.21525
9220005.75064
9696694.54266
9349632.80587
9179481.96349
10233807.8437
9247350.45349
9528780.42868
9965578.86953
9359633.32254
9870173.91924
9788313.10452
10166778.0161
9597386.79067
9023694.95253
9422277.61323
9465069.78148
10177693.774
9061080.29899
9291459.94267
9493913.31464
9131985.51339
9348567.88215
9291528.29901
9826120.26333
9540237.53338
8771695.2603
9324333.70753
9940371.40067
9505233.95575
9818915.91872
9141741.25883
10248483.5448
9953702.58623
9687987.64495
9943129.76356
9297794.17476
9633778.25434
10159143.0061
9661222.29677
9332771.95103
9905445.29091
9364446.93558
9328247.75682
9443321.67087
8722049.65557
8601511.41142
9671711.46414
9744098.10567
9800988.01231
9628150.69737
9147143.87954
9657910.87311
9829765.82198
10243376.7094
10245367.8154
10700155.5662
10360369.6795
9764923.79034
9445120.35392
9778920.59462
10161576.4538
8918706.84829
9253204.75692
9734091.04706
8867070.50154
8973991.4211
8928044.6236
8950579.32526
9508003.02465
9111038.96471
10104725.8405
9082686.23999
8666524.72841
9425798.60788
9669384.41494
8707768.33319
9412570.78983
9926505.0023
9625237.01637
10184114.3581
9833497.18836
9466635.92022
9012761.56504
9820427.44702
10416895.4784
10253922.5819
9471710.92896
10514688.7804
10409648.3341
10016781.1727
9791179.61783
9866796.09736
8904380.8379
9723733.13196
10358264.7189
9690403.30834
9415598.11535
9377356.69451
10566382.4956
10187006.839
9379467.97844
10220490.3498
11389491.36
9540971.17172
9765453.17466
9869073.29435
10421573.4203
9791680.68012
9872842.33612
10074267.3804
10236943.067
8862650.22559
10149290.4717
9847493.27495
9720877.4759
9589860.79582
9700999.40635
9769598.81661
9628418.21999
8972931.58634
10089272.2111
9622206.01536
10758244.913
9370373.88664
10225827.5485
9205263.80332
10502472.6584
11218683.7039
9877312.52578
9478147.40203
10791126.0796
9811469.69517
9138420.6527
10263542.2982
9861876.28133
9513288.08914
10268675.1431
9288927.2177
10456942.7855
9855695.61097
10062662.6354
10316391.6989
9400346.03465
9551564.78267
9047557.07398
9904897.34985
9824697.8748
11007290.2762
9790327.07647
9782775.12077
8722317.89708
8899239.35546
10692948.5717
9395367.19175
10342666.3414
9159364.39725
9503767.09338
9347343.34601
9032742.01579
9464340.24091
10370811.84
9947101.66563
9878001.00641
10729884.7795
9040877.198
9693545.8951
10429096.4888
9498493.20933
10267576.7591
10013366.3288
9836094.44984
10155882.8984
9547266.03588
9092150.63726
10622934.3613
9965495.93483
10373743.4699
9360116.95054
8954827.57049
9858189.2753
9765439.35307
9857153.23222
9227841.97063
9725739.23149
9929479.19218
9780356.6463
9284985.81959
9431573.54089
10086085.6877
9413531.55599
9978419.48814
9348426.12368
9146430.9351
9586736.75576
9115207.8235
9497870.73978
9759392.25443
9366698.61348
9565022.23039
8960771.32371
9678983.98873
10193389.256
8981044.9111
9553549.01028
9510310.59706
10257474.8497
9801563.4534
9735128.70244
9336158.81275
10412826.6971
9094828.0992
9189432.08589
9974026.55755
9759256.7361
9850429.33212
9522118.8012
10602874.0903
9627772.08748
9586872.74737
10614874.3526
10008618.4732
10253100.6636
9092380.63526
10498082.01
10292176.2288
9404191.31454
10517741.0671
9644380.27886
9018285.57421
9117869.38093
9417611.41626
9165584.79437
9419033.3638
10153349.1163
10415108.7418
9585211.69494
10045991.542
9261249.74153
9188091.01347
9647120.89816
10161019.9135
10238041.4126
9893853.04133
9655471.74322
9119685.84568
10021501.9626
9883150.74926
10079296.338
9469991.98497
10249240.9767
9192273.69295
10280431.5093
10597137.6001
10066165.4981
10106015.2091
9734612.08484
9784914.25925
9602179.13357
9392031.15807
8709992.32311
9586107.08119
10392077.7616
9417130.00327
9949964.67547
10103636.3975
10388930.1517
9759219.40803
11012262.3476
9131211.76583
10123724.1517
9558626.37369
9845665.6115
9513864.80125
9503744.03939
9616281.62159
9673504.58675
9897908.67767
9791427.23817
10308184.1189
9513433.08589
9702703.46141
9679844.10074
8775457.53804
9491985.34683
9874700.63524
9598567.63849
9385321.41234
9149620.20802
9937771.008
8618103.28582
9827923.86144
9042053.12409
9569336.95512
9513158.42739
9519370.00884
10113331.1595
9063257.91123
10312883.4422
8957520.99199
9570235.66168
9573319.25544
8733599.27939
9919623.01637
9038657.28022
9054128.37115
9152467.99019
9404913.27567
10474859.6674
9263180.45987
9063001.16312
9770817.68613
8943573.39592
9915866.14853
10196769.6433
9797262.97419
8602095.54734
9216981.82268
10068037.9606
9875380.99955
9358498.7385
8840798.43805
9537901.72018
9005093.84508
9917925.47716
9913963.13387
10464136.4687
8618047.86006
9586774.64996
9321805.65737
9603806.95765
10278320.7177
9863820.08544
10044048.366
10653046.0743
9089161.19175
9232160.53746
9420169.82615
9246440.74755
9683577.20574
10394230.6686
9350280.79339
9714269.97136
9387496.72953
8837413.14434
9797923.63878
9968626.28169
9085347.0941
9040356.37824
8934717.97964
9216432.43348
9368945.07823
9850740.3908
9055111.02004
9954874.73293
9413321.41166
8649072.71681
9744520.03107
9789456.34008
9515416.03751
9416015.64287
9613614.63989
9593615.68693
9862077.33392
10152607.7528
9018510.13166
10192481.4878
9715346.91757
10355641.2733
10263681.121
9862691.57708
10139218.6617
10248529.4889
10324656.3745
9235803.39196
9882162.22583
9355578.73653
9732250.83937
9212247.36144
10387990.2294
10405296.6215
9759035.4518
9369730.72054
9549416.22276
11026453.5063
8962342.92221
8949605.1933
9891119.53523
9732803.35621
8925268.33065
10383733.372
9352486.29586
8860416.40379
9406830.04049
9448227.94091
8678997.7529
9499220.17648
10510860.7985
10093759.7772
10338534.6408
9158714.48081
9312927.3536
8791348.94979
9769830.90586
9715473.58003
9596052.64787
9509005.15624
10007082.0133
9026733.63595
10329690.8547
9922585.70913
10064321.712
9733475.32638
9403089.51726
10650059.9176
9707059.85862
10388403.9578
9664672.39845
9753286.28269
10127271.0124
9565304.95265
8718382.26018
9179745.11125
9344394.63107
9813685.20837
9506301.8805
10180265.397
9044476.60116
9427382.64546
10627986.5105
9109722.42985
10172036.57
9073762.65414
9575810.66966
9960360.05517
9520417.97055
10573366.2077
9535835.04091
10288401.5719
9506245.86171
8970889.745
10855384.1234
10008505.4694
9515377.42687
9910061.26135
9293079.89371
10815246.4333
8952430.70476
10622644.5341
9699432.93743
8660966.76382
9089379.0155
9271344.08067
10634236.4981
9506732.44659
9621448.38719
9219345.62683
9501990.06209
9923175.52092
9554173.743
9582681.60257
9646435.31771
9171139.32834
10311262.5572
10484468.6046
8776885.72688
9811435.41336
9565543.42799
8729829.58627
9392671.84086
9193302.71963
9173802.55085
10375955.873
10392351.7306
9130339.22327
9287986.1781
9362281.99947
9740575.97477
9645388.12837
9994250.03201
9128443.51649
8763396.34156
9733321.37712
9245514.27121
9476216.31136
9361782.83306
10242345.9648
9227874.79935
9308685.73665
9344723.17682
9739312.32591
10272301.7572
10093340.1794
9649670.69124
10165147.9504
8935411.44045
10093954.3113
9222753.3825
10042053.1211
9705330.80808
9793357.28855
9582207.22577
10059500.8578
8942005.7065
8864151.91194
10122971.6921
9958662.12796
9789660.07552
9464725.96134
9431964.61805
9868764.01456
10571155.6369
9699789.83395
9606543.6021
9883319.00848
11047984.4482
10247181.4671
9756077.80059
9193900.79096
9256046.04934
9507021.9546
10038331.9295
11146046.3017
10185620.3583
9477612.05374
9934753.47718
9523125.6258
8964615.40903
9097405.65719
9037403.98493
10427986.2975
9134555.17227
9682512.54541
9271543.15654
10238718.9954
10800127.6221
9331592.40841
9372984.63157
9829146.10946
9116098.62736
9721142.52173
8836530.11596
8644507.41316
10204896.8352
9915951.82465
9181297.27762
9043266.59764
8972777.69898
10247804.8467
9417945.24392
8977342.93519
9686748.27588
10129978.7183
9664810.54507
8734989.30808
9778661.49259
9203121.53341
9502580.30663
10277332.3084
10107797.9991
10013470.6016
9145049.86299
9153738.20536
8754433.88347
9552729.03112
9074941.41758
9420964.06588
10390171.0303
9458110.58723
9020677.92582
10021506.0884
9154212.55446
9892564.31954
9062642.36951
10397057.1812
9160160.76872
9219534.15376
9198399.3015
9586270.31596
9524197.78331
9403496.51428
8655308.6018
9078619.37086
9415916.28271
9802363.28507
9592274.1519
10001111.4182
9560719.80147
9407531.16955
10275208.2493
9520795.71087
9665438.96796
10550835.2146
9656968.40795
9687618.11958
9053447.41197
9063693.52222
10184990.3372
9562240.50986
9746326.40103
9817319.61947
10376292.4327
9738609.66807
9414720.79256
9417171.07341
10171355.2099
8689020.64614
9747443.65992
8956692.53625
8563923.19176
9155580.57747
9333347.30709
10261014.6121
9565524.74553
8991312.77779
9903157.82444
10274131.7735
10863347.7592
10039850.3509
10182896.4512
10004225.9488
9618556.85227
10279080.2076
10564598.2022
9572728.68853
9385912.99579
9237885.65599
10015814.6901
10287031.0668
9545720.2342
9043926.37717
8858225.27459
9317654.54515
9408077.82624
10795302.0016
10386094.1588
9275131.37158
8989829.45855
10034337.726
10726429.0275
8853442.17487
9249003.6547
9669848.72604
9839271.9424
9350139.47403
9326279.73115
9792719.65718
9354774.59386
9529457.84118
9729527.20691
9374651.96312
9707259.77248
9686873.66649
9443787.93748
9610644.06726
9703915.94661
10142616.3295
9500582.78583
9721132.71298
9674728.56438
9336471.06327
10089947.9834
9546313.71109
9301638.68642
8310464.65071
9319657.14456
10813310.2862
8996814.36531
9858594.7766
9611066.0406
10356032.6735
10295769.1983
9878087.48773
10913673.1026
9370789.81956
8740151.90789
9734814.6866
9229181.58873
8623343.24638
11098005.3626
9353042.21617
9794268.6687
10010676.6783
8644137.56001
10082835.9469
9557844.28659
9133135.59366
9201033.43766
10065831.6011
9070045.71476
9572672.18155
9318302.49925
9181948.68011
10089148.7383
9930414.69637
9063134.0776
9062771.52421
9206607.66097
10440969.1865
9005435.36685
9242251.40769
8919712.25252
8694753.31554
8874631.13063
10310212.045
9674050.80373
9055295.01036
9134186.04982
8924376.75563
9775127.43018
10186854.5608
10214934.787
9122841.25396
9473355.58184
9206673.48755
10111655.557
9687811.82227
9329994.97318
9362754.42889
9635408.88563
9914897.68182
10100592.8343
9750107.42785
9266815.01805
9163222.76756
9094964.7023
9624023.10844
9295092.98019
9549844.86939
9131006.64701
9206597.8387
10624171.694
10264755.9644
9694287.93515
9410460.45924
9659981.08869
9551260.33325
8958292.7502
10616396.5719
10036640.8502
11092773.7602
9505225.68257
9248526.45224
9517905.8876
10338920.8493
10228008.6177
9335419.38557
9107122.50615
10153340.8715
9482982.78955
9947861.49367
10326243.0323
9612702.75346
10409351.3199
10334766.6419
10062263.6327
9806699.6113
10271726.1919
10922652.8534
8807946.49396
10429428.7393
9504819.98169
10217236.1302
10095281.0402
9073819.13144
9263097.56732
9115979.19013
9227813.67748
10577560.3702
10882885.7217
10163384.1283
10079451.0911
10588434.1083
9390713.87106
8955586.65361
9411016.85287
9509040.85806
9445066.09292
9738992.39627
9511623.45943
9073312.90255
10167906.9414
9024509.75695
9449082.13588
9391396.623
9800088.82412
10658969.605
9801546.86249
9942978.50725
10341864.222
9006630.84887
9705810.47542
9354955.52481
8999655.17113
9927141.07145
11083282.4448
9325666.36066
10465399.4617
9072222.65292
10680522.56
10614711.2126
9549668.04246
9308699.44225
9657011.17698
9862538.14342
9661317.91918
11684081.4177
10109489.2345
10657440.9014
9885017.72339
9880236.11345
9555890.72271
10530369.3068
10241058.7787
8943676.10867
11290335.6026
8871602.38349
9308565.43925
9518023.78289
9172249.12009
10478206.8257
9383145.86598
9640514.55302
9701316.55056
8866404.91182
9807474.11075
9429598.06813
9573057.63391
8831416.29903
9530821.2078
8981036.5272
10012670.0986
9693844.98496
10242514.8335
9330181.80796
9182665.28412
10095106.6603
9333630.65796
8769921.67941
9580504.27582
9980380.61295
9265157.72783
9311756.14433
9256533.90679
10025631.4283
9237335.70416
9427194.08055
9807860.46439
9543438.84394
11550142.9816
9186798.21386
10814895.054
9641304.7642
9286117.37285
9846655.35864
9397711.89822
9724778.29197
8996255.45992
9470421.52422
9316072.93697
9204555.0
9809603.50625
9243725.39885
9044772.0351
8879686.33238
9894652.72617
10243206.3305
9491092.42675
8986467.37892
9514521.4512
9421628.95414
10424043.5814
10066980.6048
9984870.29712
8907458.63659
9251170.25145
9198657.50374
9672173.16285
9296204.35493
8741079.92091
9587556.77965
9788220.72849
9846800.24165
9610496.71142
9092582.54162
8943360.10971
9695836.51765
9020587.7532
9729900.64475
9388424.05667
9707541.17782
8638896.9183
10688230.934
10027623.2081
9531315.84194
9558389.47468
9337827.38447
10521453.5132
9727773.57753
10273590.7223
10134746.6975
9598062.00978
8866999.6648
9368742.82596
9034823.18646
9562384.85309
10947250.1339
9759024.06279
10079111.0808
9756110.7979
8650450.21198
10419603.7284
10503952.139
9330613.89142
10534478.0735
10390620.0933
9490858.58652
9510038.64607
10061617.2916
8878969.16178
9818685.18454
10665796.0553
9089206.12027
8605975.06335
9838921.92723
9107624.30159
10127715.593
9846306.30241
10286351.9873
10693685.0366
9549293.07177
10695497.3461
10303238.0845
9192151.64495
9460579.83535
9481901.62064
10081001.4836
10516458.6912
10335558.0285
9030062.69067
8758902.88115
9765516.05384
9729165.43813
10702087.8277
9470185.96708
9165757.08011
10161657.6831
9865565.61449
9713862.44985
9605745.37713
10488271.4399
10840555.7443
9098977.71027
9737112.55196
10149738.1494
9472250.86184
9980534.29311
10752814.1469
9358189.77601
9429059.30335
9314667.1079
9652967.31734
9521934.09427
9622327.03033
8944910.63266
8827668.92342
10764466.6697
9502541.31632
9593375.5361
9309849.9435
9239820.0216
10095627.0841
9026945.28321
8774973.80327
8972112.45387
9840362.42128
9589957.72594
9389198.03327
9510502.2704
9424379.78405
9062580.96495
9790448.39804
9505989.62885
10194124.5886
9414185.93035
10562403.9956
10352004.3459
9183473.97462
9618386.99232
8853204.93919
8744417.69823
8989588.85018
10253331.5737
9184536.70074
9838066.9197
9891531.72
10547585.164
9491136.93696
9509667.22657
10879528.0384
9859450.45063
10037833.4949
9525902.68829
9249629.79131
9117103.3039
9327001.89181
10015411.7157
10021509.5169
9407376.83457
9542548.39669
9586708.4754
9786807.62225
9589043.40734
9094895.1809
9481479.67909
9725817.94025
9404732.08788
9507105.23559
10153017.0717
9800229.03915
9157168.76014
10431628.0378
9756930.15615
9174352.91069
10440692.3417
9633899.44101
9425531.58204
10069586.0543
9519613.64492
9850429.52262
10480277.5655
9918983.70419
9330672.56483
10759766.5664
9187466.13443
9240601.09822
9564965.02231
9880196.76362
10510246.8596
9084870.59423
10656474.9248
9747545.24694
10281976.8413
9989859.05545
9134274.55314
8970068.21288
9749793.79867
9567163.55384
9162622.14958
9979998.56396
8784888.23405
9181042.84392
10083668.1951
9007351.98216
9522308.82065
9942768.7677
10474459.7503
8754702.54135
8791080.57442
10214198.6754
9133809.77623
9008085.92285
8576491.00556
9397913.53776
9299230.86679
9803649.4894
9336184.27458
9532041.83178
9674242.0727
9001064.00909
9174703.90492
9290095.1939
9494354.35489
9483351.39603
9677567.76495
9406803.62421
9668607.36224
8990356.66061
9552635.13876
8985938.21066
9109523.15423
9779523.27625
10513399.8433
9410713.9269
9863265.67408
9682097.37896
9669484.61794
9823273.77915
9140210.23077
9751578.79184
9781854.89893
10302867.1984
9862250.45786
9473191.62202
9273925.4226
10513677.1031
9560871.17974
9937258.37509
9748215.58047
8913107.07947
9285259.21954
9600561.15744
9416488.16431
9969138.44371
10296784.286
9979857.92793
11000429.9273
8839263.62851
9807310.91311
9764345.89872
9253954.61165
9456218.20609
8965648.52756
9260203.69675
9054179.79632
9199900.16448
8719305.10007
9644979.4759
9484431.60198
10579693.1899
9707019.45761
9894180.8178
9863629.95807
10744702.8102
9656601.71709
10031225.1518
9879660.49563
9269628.11772
9019851.81647
9055031.5308
9763672.43337
9957194.68842
9464123.92622
11147280.1001
9300477.89023
8708163.80216
9161829.78545
10174020.9021
9456157.12799
9551454.31044
9945727.53798
9712234.03204
9490060.38563
9257633.05684
9366526.20668
10175689.2679
9796727.78361
9778829.75842
10169326.6356
9444405.00627
9851562.15304
9110303.64676
9163406.90593
9879337.21163
9080795.88024
9223423.02912
10469655.9312
9026250.84046
8985385.55399
10156639.095
9177651.27895
10044482.9509
9859841.9968
9704132.00359
9213979.56107
9579316.44534
8668482.39029
9821749.22347
10103101.398
10805328.7156
8954586.61971
9961873.88066
9749750.13047
9239994.01098
9322337.1523
9059914.79789
9246363.66304
9346549.53391
10873135.9377
9966149.2026
9093352.32895
10213544.9977
10336122.5621
9449078.18317
9857434.76742
10007882.2951
9512411.68003
9434830.39098
9379514.46216
9583015.64554
9127638.71324
8648020.06835
9663851.43055
9678839.46435
9056951.65392
10389405.0295
11107460.0388
9507190.47037
9435770.88346
9657414.23114
10395297.3955
9741063.37145
9079339.81586
9151086.3817
9316284.23554
10390107.1832
10356240.9853
9220753.65148
8838156.00962
8883426.25143
10210485.634
9440177.0479
10017868.1307
9717785.33214
9021758.62311
9662584.99502
9515915.54965
9109216.48496
9405724.51723
9206442.96975
9827439.00005
10541252.5782
9221597.93363
9400973.20241
9917947.32346
9407774.53404
9238176.07035
9717409.23575
9644731.15852
9927175.7473
10606892.4075
9675887.22193
10090889.2384
9450572.82402
8861758.1786
10329975.0699
9193646.14156
9704806.42221
10783036.0304
10302548.8206
10155451.354
9514841.02604
8804454.18837
9603833.01491
9494927.31707
10324544.4223
9858863.87275
9092783.50733
9005196.87942
9277349.15108
9082312.07766
10078368.866
9910343.9429
10037341.4337
9059061.20207
9806792.33941
10121114.3554
9807944.26287
10168891.4712
9013002.60158
9378048.95631
9360567.40453
10145489.9889
9850074.31152
9887971.40718
9117888.34395
9327142.33428
8900603.35355
9274584.54015
8966941.25953
9911998.87407
9422284.06818
9682884.37611
8785182.04648
8474837.13177
9310164.12225
8768459.61144
9423883.80548
9739762.13269
9421328.16149
9561669.75084
9814616.12164
9339897.63846
9898952.27039
9059285.09115
10259205.6364
9276527.43422
9564756.50418
9356089.89912
10758259.9577
9295484.51732
9190904.93559
10058205.9307
9600744.57521
9571652.56366
9475804.37064
10128352.1508
9154274.80633
9171071.2045
10164537.3793
9242200.34234
9504898.97935
9740089.29593
8697245.94615
10489678.3535
9533948.44386
9018501.80955
9839279.15943
9706532.17919
8812689.12921
9766849.37456
8364521.14316
9653407.54286
9615170.76433
9540819.77864
9590686.37758
9511634.73633
8953679.52738
10232354.6482
10156896.0244
10012603.3451
9809453.11538
9135804.91873
10602308.61
10781332.6
10522614.4705
9761848.40586
9998003.82892
9569931.92717
10498412.5836
9023978.74961
9300558.72556
9387757.54706
9802787.90913
9442905.20927
10243158.5196
9338110.78684
10032890.232
9541201.85018
9764495.73855
10027660.8722
10843520.6096
9841329.20112
9197766.24672
11313000.836
9349218.55968
9774358.28934
9271137.93717
9892070.73317
9032303.84449
11250836.7408
9846083.04866
10375661.9471
9818133.76857
9487851.39596
9334956.22292
10740129.1128
10325629.4741
10241812.184
9143354.90105
9488339.37778
9709022.48761
10134088.4148
9464808.36961
9468307.89456
9730905.01121
9850349.49424
9676026.64738
9688323.75816
10687251.4072
10172645.1662
8838725.40474
8661009.13921
9839416.28324
9370562.87628
8822851.09412
10218816.8992
8660175.60274
9589334.16842
10009747.8356
9107846.27714
9670449.20384
9505974.91469
9435029.04586
8873747.7976
9935542.62498
10119591.6129
9161462.75102
9179831.02296
9295125.17613
9765053.40697
9470210.80837
9286737.24235
9211975.03904
9556515.64476
9553329.41618
9939651.1271
9444576.64957
9745905.17255
9410444.0968
9484428.85272
10147597.8909
9305023.25143
9892765.70816
9401964.69586
9792488.60282
9497365.91088
10416228.2592
9073199.88514
9719472.29867
9986086.46144
9054435.93991
9719814.14213
10394667.1048
9699590.35643
9018747.60107
8951100.98757
9300383.19916
9307543.5001
9248972.23098
9114103.30636
9212049.78743
9779286.89588
9750284.74353
9561997.20366
11333192.131
9224167.65443
9619778.36471
9883187.58795
10227181.9711
11199201.4457
9028141.99337
9786531.4343
10927842.9642
9708197.26357
8651381.60805
9288939.48815
9142837.80546
9268739.34433
9617613.46632
8401125.10007
10078726.0981
10969503.2488
9506459.27486
10121368.0224
9877068.44872
9571022.7478
10077150.3564
10474432.8769
10373656.1723
9757553.28865
10463841.3464
9424437.03548
10003508.238
9887914.0295
10110249.0932
10162305.1658
9858977.15174
10724503.9112
11599811.9658
10997811.8739
10298381.7198
9378593.78476
9667461.61794
9068710.41802
9119182.72238
11136861.0633
9566334.06919
9422154.73322
9319620.46537
9277809.21465
9674421.9775
9605697.24666
8940368.73347
9347709.21095
9726235.74328
9141292.36276
10247264.4135
9664458.88155
9147200.8567
9529697.01359
9540693.28323
10032463.5534
9920186.66143
9509719.76323
9245440.90871
9832413.62381
9612292.66419
9169470.08881
9345829.28966
9672450.01246
10328894.7575
9471878.59523
8516025.05004
9852640.04785
9302236.62554
9024868.08455
9586583.06643
8751862.59726
10876445.9148
9798060.14374
9561266.01223
10014882.4198
9320706.74029
9617595.1681
9226662.89906
10931440.6189
9581224.73671
9744715.35534
9044928.32661
9707153.42965
10063016.8042
9870848.9949
9529828.6831
10992078.9943
10101323.9563
9344491.50691
8894714.29535
9073179.10387
10335837.7454
9311553.95873
10971572.7541
9882273.28436
9866051.21371
9822434.65443
9444458.4819
9567270.18372
10937859.5309
9615971.28139
9214334.98653
9800611.16969
8804399.0472
9840465.31977
9376534.64953
9804625.92285
9632151.7727
10751933.8774
8886385.81915
10588310.9518
9475845.58998
9346064.44833
10027459.1238
10164955.2109
9523628.40341
9716797.27724
9342390.66884
10810281.6509
9966740.86858
9025229.34112
9224419.42122
9902399.55778
9104341.01155
9654970.26203
9385641.34992
9540414.76203
9490881.88445
10244310.3592
10316030.919
9589302.4106
9784513.83945
9490330.24698
10077715.9308
9779012.33972
9427001.58865
9429425.70817
9468405.54933
8702884.88712
9074825.23063
9865057.18764
10579319.6383
9294950.88474
9993637.29483
9370724.87755
10648364.7046
9186010.54605
9548503.35596
9393246.24728
9493454.13752
8675158.20828
9634521.47959
9691388.30781
9154943.81165
11024222.3878
10107176.7996
10611755.1702
8878751.06074
9136951.59904
10041884.8079
10586210.8804
9934049.62968
8772011.26447
10165852.2053
9242058.11421
11269035.0384
9171205.08285
10435928.523
9917726.46444
10066939.8499
9458411.92061
10898129.5755
10310529.569
9368144.59647
9903018.92644
9169568.81035
9726077.96288
9280926.006
9235220.67375
10159557.8506
8988961.52085
9396986.48858
9874294.65118
9988609.05935
9614494.82187
9543005.66642
9296361.05999
9601036.97003
10079678.7741
9585807.37135
10008229.974
9707627.16164
10260227.485
10685686.4831
9373125.44775
10112926.3888
10314656.1799
9699111.47229
9783612.22936
8905910.42669
9427395.70766
9712043.98902
9476613.90524
9748260.65025
9090136.94261
9823277.22133
9699135.02024
9445712.81307
9537754.97208
9063190.81094
10585271.5179
10576847.5469
9700089.44948
9931819.96266
9186549.46109
9352376.58273
9206308.56213
9743432.03735
9530383.82864
10087393.958
10725387.4529
9394659.23734
8952168.45198
8988396.9511
9340304.08264
9095236.57485
10110505.541
9449671.32823
8869947.97166
8903783.90433
9297322.70151
9968924.2874
9385528.40291
9673867.42623
9258723.5167
9173016.72815
9635938.98364
10066094.8168
9197183.61647
9743676.58447
9415286.61922
9378450.27646
9244283.10882
9396910.6947
9272985.94145
9569847.5055
10440261.3634
9239368.05878
9970847.98109
10198359.8367
8496474.3818
9302672.39819
9224792.99874
10999542.2096
8925314.445
8936322.94186
9402940.15641
9555673.13709
9622641.82263
10740993.4752
10457123.4086
9713320.0182
8989530.54271
9049020.07351
9632250.84894
9628556.07945
9363327.13727
9806876.96752
8998660.02026
10322233.9005
8940472.33209
9288911.99848
9235557.07993
9421636.0397
10810704.8604
9597929.24928
8973784.9069
9643979.63471
8893021.53196
9805117.6498
8645803.34957
9666231.24211
10215322.3969
9286283.93337
9946940.03644
9310567.43402
9999325.78716
9230679.25217
9923091.56725
10236500.3621
9753130.73935
9855063.90317
9314667.03035
8932131.13006
9820892.8659
9749329.45082
8898675.28333
8786339.50039
10042381.1116
10008278.7852
10089087.0022
8813406.29815
9784946.54505
9311403.14582
9243339.78556
9857167.04477
9727086.42053
9735197.52371
8506910.39629
9167665.92144
10139585.1739
9917696.05358
10455997.5905
10525640.115
9810798.69352
9747921.30913
9245653.32732
9977572.3685
9610295.3257
8975087.07186
10080506.5389
10731542.7974
9176455.10494
10219810.0669
9023320.97254
9357698.06477
9832379.85721
10015518.3129
9355431.92354
8974408.69502
9770205.51125
10101193.6409
10658224.639
9440197.3886
9952123.88367
10181374.9272
9457845.05004
10135846.2563
9637202.9168
8883004.08977
9418606.30316
10616917.8747
9526325.70139
9620096.11241
10311822.0861
9106929.10293
10185862.1576
9192899.98901
10059337.0229
9346644.75286
10026489.1046
9924129.93867
10059372.3434
9310375.06782
8980272.2234
9711249.87765
9287227.91958
10141545.4389
8851688.15522
9454290.10007
10046214.522
8819295.11439
9887670.25549
9975680.89751
9304146.69322
9670516.25405
9615943.16113
9836800.09214
9668129.24421
10382775.6953
9710291.99192
9172161.89677
9228264.29399
9930808.15681
9220461.01136
8867053.84389
9446833.08541
8817191.27779
10261419.8047
9168910.14095
9246305.75116
8975248.45673
10498039.3477
9486112.24464
10312856.879
10732736.9291
9071371.80356
9747082.74211
10421492.7346
10145546.1968
9203604.71351
8816324.81239
10136948.4732
9863668.11052
9745802.00682
9053144.248
9636094.1642
9815820.32251
9430790.68473
9434084.08807
9796190.0369
9853090.25749
9069060.53401
9687204.6858
9285096.72063
9458315.68446
9656993.65753
10212277.561
10182982.8806
9172088.95034
10290464.1573
9544614.14055
11178383.5335
9667216.83207
10057995.9178
11181324.9194
10126160.0752
9541933.62113
9274519.90283
9410725.30815
10008471.1421
9775515.54545
9012544.26478
9467322.10642
9108548.151
10413146.0833
9963030.03577
9690359.62921
10411099.7594
9918412.13953
9330951.20305
9441246.69469
9533258.23881
9024846.78592
9510884.17692
8933438.90245
9465336.5607
9055982.75432
10254593.9817
9773646.46342
8956045.54824
9563282.30065
10172604.9458
10159436.7191
9792900.30299
10097518.6201
9044881.59692
9250054.7294
9112832.6586
9582835.80325
9216254.30243
10344797.7924
9142441.46925
11017022.556
10094527.4494
10402260.2213
8977819.69412
9426025.16929
10687676.5514
8834876.34934
9591519.99384
9694348.49464
9146800.87541
9941426.49391
9246573.79729
9346786.21042
10668775.7008
9813439.30195
9027289.6529
8963414.45944
9637329.14691
9091998.64203
10186196.1383
9552570.78228
9847092.64385
9842110.42955
9927437.90667
9164500.42853
9925368.77337
10805456.7015
9696355.43529
9016239.11377
8859272.7425
9661664.50985
9638300.5425
10509494.6636
9964212.7377
8711658.24157
8893461.51039
9023939.97592
9431444.12055
9593511.72197
9911039.0424
9236378.2915
8938174.03076
9408620.71575
9897222.20654
9994423.19164
10630159.2036
10276106.3344
8891230.32533
9535120.23189
10141081.6098
9641209.14917
9153876.15661
9007851.64821
8956484.60609
10385253.816
9487108.16425
9079812.20038
9408161.88674
9610834.10435
9379887.11228
8870536.14817
9411480.88936
9350074.4415
10430471.7896
9566935.22217
8996320.23406
9305595.43964
9854227.3302
10043894.8549
9204104.4401
10111657.8037
8943575.51858
9534412.53204
10156336.2837
10258148.232
8702260.00731
9453326.61052
9061534.84539
10542702.189
10045731.7689
9928304.22213
9545215.15066
8767510.19091
9558268.92577
9954456.92014
9134660.82291
9316612.42653
8524618.38028
10565570.6196
10412291.0505
9914596.13352
9469927.18227
10023270.1493
9540474.79625
10497943.2478
9305844.90383
9109651.51041
8970293.59839
9795553.41112
10702198.6352
9768230.17748
9482758.94767
9052501.29902
8619869.86685
9711108.91387
8539592.68939
9188576.46399
9785041.25034
9382956.66548
9681768.93795
10362768.749
9746281.94727
9712760.03338
9433014.22852
10091335.41
9466017.30957
9246162.66558
10004099.5048
10007243.1852
8966429.19733
9022370.58871
9156526.47484
10346732.8574
8743029.9011
9164892.12887
9258706.70228
9646249.1712
9382526.10572
9251646.43365
9805904.28325
10206857.0742
9213236.64873
8601534.58931
9508762.75837
9654206.50523
9264879.50098
9910193.6484
10978873.1523
8809695.95987
9995463.02054
9541913.24126
9363325.35625
10665493.9291
10634939.8368
9416160.08523
9357523.1631
9559081.07331
9179955.05004
10061115.6157
10259970.8702
10068210.8528
11087428.5336
10306871.3658
8880124.7269
9784466.35375
9695998.48174
9161983.3805
9042831.00128
9443984.39525
9403668.71904
11032619.0477
10062319.6139
9407870.04476
9237149.37611
9878271.07697
11067626.3527
10411026.4836
8664251.96209
9763021.9847
9282826.4483
8858219.02992
10187380.1024
9875907.89527
9692581.06778
9699096.92929
10112010.2349
10109587.9636
9669601.08753
9119668.21901
9759959.06046
9527668.16829
9647479.51855
9708935.1749
9568093.93517
10749236.6596
9362876.28826
8906792.30752
9791405.98547
9472074.63297
9835187.13088
8974268.59038
9949239.24945
9550241.73767
9091879.76098
9771249.33786
9839259.01704
8865813.04983
8895116.76733
9736091.12423
9098116.9353
9170629.44464
10479980.3975
10175275.9553
9443263.66805
10359352.0435
10206635.5126
9740012.74738
9868500.64452
9962063.96346
9577673.955
9362184.66786
10621569.922
9237176.83249
10089162.8043
10320999.8603
9000517.00404
9681592.46308
9211584.90078
9233865.87365
9714813.20815
9782970.98854
9260524.69249
9916440.4244
10919132.9739
9904060.94343
9513611.79696
11255911.5621
10492518.8309
9104432.07749
9499074.20288
10654282.8639
9741423.15095
9031579.69326
9588576.62361
9501557.39776
10327689.2955
9716864.44969
9563541.11099
10938125.2772
9039983.04893
11516324.8552
9570218.7804
10016296.068
9659378.63596
8979121.90127
9566693.35515
9677799.62226
9501482.36694
9135844.242
10109397.2447
9170924.55949
9154200.02701
9331637.30835
9201478.0576
9773399.46569
10008640.8431
9638575.55529
9078127.93145
10231719.2623
9945774.87631
9004861.4691
11867650.3211
8854317.97983
10111715.9461
9657241.92584
10305365.2303
9440383.13066
9557945.20946
10404514.6703
10927303.6624
9876784.67269
9166752.72461
9368632.85803
10234513.2816
8902009.87088
9849088.04315
9734484.18241
9605429.57728
9493980.94475
9060248.00595
9480614.67662
9156761.8451
8844084.58578
10006115.4477
9887885.43548
9761185.84571
9222087.07273
9721781.46563
9566334.57294
9471612.87216
9708491.36178
10428248.0564
10164100.2844
9029823.20086
10010910.9851
9562936.22024
9743889.50099
9931112.20079
9498198.82004
9459802.85479
9100575.08248
8595098.86305
9562574.29962
8936696.12822
9693728.45376
10140624.4407
9515125.24473
10691570.3213
8808251.91749
9599883.00895
9009046.10586
9893275.11374
9159445.41728
10420220.5297
9266052.27843
10135240.6869
9679136.50449
9482434.37021
9595335.08658
9480186.94756
8954659.42212
9581885.36213
9129766.33197
9982648.36273
9008870.33388
9620138.1548
9514634.84969
9095839.81083
9895320.48285
10606460.5838
9590611.78066
8952428.9731
8939260.61923
10098431.0944
9917293.99943
8815663.12367
9602801.74147
9490650.70433
10970994.7937
9795152.29231
10596138.8073
9960294.09914
9100880.73241
9551478.30429
9491160.74513
8976339.06086
9829524.41738
10148662.2794
9221437.5656
10795561.8455
10430177.5206
10246103.2116
10382605.4323
9902704.07598
10368784.1498
10163992.9823
10911863.2819
10856640.6869
9459422.6987
9414461.47742
10135487.285
8984041.64526
8966206.58338
9943677.50367
9586469.66318
9356766.02134
9481517.6149
9967338.38731
10995668.4574
8636612.2034
9762304.38742
9090439.08324
9951442.78999
8814511.99291
9855542.91353
9587667.30929
9866211.70007
10658624.8512
9842766.96458
10305968.9193
9300294.72144
9955279.78666
8681721.40272
9731068.89723
9645426.35525
8771563.93834
9819360.19496
9974993.10664
10240387.1357
10344123.4744
9770112.69972
10580215.0264
9492080.48582
9552845.83743
9211302.68052
9535954.79513
9869606.81584
9303347.39436
9882421.32384
9997859.78253
9347253.89207
9584611.08057
9757351.06672
8633067.05506
9438607.41973
10090973.8815
8973396.51665
9357367.5426
8690583.63114
9524301.94029
9462826.94937
9556695.24112
10031846.127
8926037.49459
9550345.04156
8532726.57012
9920556.64049
9074315.96511
9936731.49491
9969263.28994
10110456.7203
8634076.52364
10077122.6034
9579625.90688
10995546.4381
9792396.17094
8875011.91265
9301165.41008
9756391.7399
10598643.8
9308230.95231
9663364.31185
9484156.20112
9190973.95054
10323032.6961
8672373.59067
9470131.39799
10405466.1298
8877469.99633
9976770.83544
9142040.99273
10245808.7321
10558539.2196
9097732.31855
9608126.42461
9024631.23349
9568230.14769
9261959.93918
9983595.01216
9655351.79521
9488481.66477
9525933.84726
9103669.85923
10136323.115
8949596.2085
9676206.86509
9107040.06902
9215148.15049
8687438.25101
8907106.74262
9495642.21715
8965238.78973
10099597.6018
9084229.40912
10051738.4217
9468045.8821
9362196.85321
11482288.9421
10060685.6057
8829421.33079
9917907.4974
10299253.3503
8916019.68176
9644218.08952
10161093.3675
10458573.923
9791287.80606
9184994.00362
9985187.81044
9142878.02463
8882496.82337
10397091.9023
9715054.09231
9466359.50746
8721015.83252
9414765.50362
9782737.26983
9120642.5862
10800868.5195
9138205.99365
9802373.97402
10546067.1785
9027079.97782
9395786.82875
10303739.2147
9608849.52027
9559639.26067
9394411.10491
8792089.65326
10468261.2831
9978581.2299
9368076.61149
8710109.94613
9896791.82071
9727911.03644
8868817.79988
9578048.76072
8998304.52665
9332327.45776
9641257.25538
8910171.07549
8880135.43842
9820235.96034
9957308.34758
9472565.51108
9039509.00924
8893859.37452
10399426.1179
10341985.9401
9309700.02733
9580607.49531
8997077.58937
10214405.3142
9396606.76543
9053358.57871
10221566.3676
9188173.14277
9882533.39133
10409980.1752
10357580.6163
10195869.9629
9396643.17024
10460103.9163
9590562.92756
10159806.5702
9845476.35643
8586671.62005
9923985.54686
10161768.5612
10550529.319
9275407.84227
9237385.21579
9297763.98449
8894339.72323
9235652.8622
10022270.7257
9739190.05166
9429466.31135
8697537.75488
9673424.76029
10041888.3903
10102941.5639
10215841.1131
8997986.23719
10230060.1187
9837287.05743
10153968.4891
10252148.5319
10193577.7351
9365746.81628
9801968.01323
10625534.1598
9632944.66267
9515138.68095
10541507.1128
10181393.5829
9551472.73757
9634117.64454
8672412.43225
9872744.48327
9815895.63775
10029522.1085
12042296.4646
10390746.4089
10256097.3521
9828525.71839
9989617.84723
9250569.72084
9777439.10558
9033201.25405
9393441.90287
8904974.95632
9046129.08685
10643883.8943
9158187.43756
9555244.1037
10020141.9276
11030373.7964
9505017.20087
9683727.037
10107315.1072
9023391.9123
10581679.4435
9930783.40181
9473945.49864
9419260.05037
10273135.9984
9972821.53525
10258566.8536
9848437.59674
9716026.67386
9727752.24908
8805116.81396
10664703.0499
9743393.32175
9462074.72602
9833722.85021
8883124.16117
9251144.62102
9669101.36343
9633638.98317
9366525.99352
10488728.6154
9608248.9484
9984411.21934
9545910.12723
10271141.4865
9572543.11138
9901686.82331
9389300.9931
9561387.25737
8622507.47629
10106479.8501
9996973.97966
9747666.23162
8979236.70781
8759481.67667
9547178.37395
9762478.88601
10172507.5916
10378314.3936
9768180.41127
10094253.1598
10138565.1928
8863145.42426
9987673.32953
10024540.8834
9144587.75864
9294320.59756
9047017.73324
9362940.0
8725202.50471
10022359.6702
9997105.42564
10889818.2546
9834619.1476
9201025.96177
9127935.73316
9906705.142
10017684.8671
9945151.59838
9328716.77785
8950934.36947
10331857.3467
9663184.88219
10916625.8463
10091769.4529
8758158.33462
10459397.7125
9420690.90752
9909756.12926
9705432.22203
9249410.62671
9572243.68187
9627131.63559
9082792.77671
9078449.79805
9089910.0
8820545.35641
10019749.0407
10521709.4692
10136680.8982
10384775.5295
9868697.43326
9908324.87199
9160961.21802
9606474.56956
8966607.79019
8940938.79487
9295049.82206
8589749.09693
9845491.79008
8856002.87133
9361271.04526
10151849.5248
9808427.53183
9298503.91079
8481760.72253
9770403.01134
10055427.4713
10267580.3575
8949067.02944
9711848.04051
9474426.37086
8842196.3245
9115398.81677
9309518.55593
9464374.73581
9343463.53267
8773257.42093
9664205.79663
9979679.54814
8988894.57933
10557997.8497
9996572.73599
9755410.69325
9131759.80892
10220028.5795
9246227.14084
9574503.85886
9898389.67854
10861337.094
10379812.5905
9997140.33079
9436232.65128
9814187.58953
9479817.74271
10601910.6538
9054101.82749
10650341.2885
10004947.4473
8680334.92162
9330563.47663
10005118.8405
9230782.42742
10040343.8471
9861554.26154
9230464.53768
8659694.78313
10351962.7793
9119147.24842
9564218.11541
9179512.62416
9455099.23599
9732795.86784
10380491.4336
9265140.39072
9914347.06566
9575014.30961
10844024.7219
10084026.2477
9451455.80015
10181663.7592
9324877.81002
9879886.14826
8800938.15767
9319473.59671
9230329.20105
9914761.21011
9882615.57087
8925613.36277
9605652.70043
9379128.67704
9837515.44892
8982157.15155
9029392.36374
9111110.14562
9630116.28979
9641993.84016
10049547.3327
9552536.04745
8965503.42568
9770747.74925
9657747.47655
9781990.86088
9472961.77448
10054267.7081
9016315.24281
10270608.3185
9687014.33304
9110080.33804
9129134.56007
10164257.1542
9897038.24583
9344950.38154
10173363.2998
10082688.9288
8837343.93231
10427024.5036
10075082.1871
9360713.75645
9535788.65483
9010591.87638
9734724.75815
9524594.43448
11027548.0742
10383712.9475
8574490.79319
10232832.1245
9839395.82457
8444387.15849
9971780.89836
9426650.80775
8749748.71841
9604923.9445
9085512.32082
9394458.64319
9706167.07451
9076341.18844
9254269.3497
9554813.475
10711076.1534
9656859.00567
8989987.18381
9232550.35294
8414757.10369
9156717.23739
9211667.74183
10912174.8691
9576829.11496
10187375.5268
9791118.81038
9624446.1123
9356597.19711
10153163.3448
9619322.38801
9806572.79162
10495996.9247
10061817.631
9184549.03393
9425598.21209
9571680.0605
10040447.1823
8713321.96112
9556859.72348
9722361.98031
9787127.85121
9524573.02043
8663163.56303
9644848.75875
9186122.15964
9092363.34241
9443086.23226
9245213.38764
9415294.63022
8589711.46052
10487182.9973
10616438.9567
9508053.3972
9184498.47727
9935592.04109
9648720.31168
9707319.38303
9047831.48571
9955720.55966
8793554.19037
10559876.2864
10489452.5185
9865982.32039
9903845.80983
8818232.99312
9238757.25627
10539318.9592
9310631.22972
9464907.15676
9653202.63775
11191655.5023
9444648.45862
9064602.92613
9190407.98893
8973325.24748
9288205.50078
9529993.00744
9798034.32097
9662144.60622
8898592.30296
8968602.54315
9789333.10497
9527191.53504
8992448.0371
10045746.1927
9163617.2731
9337335.48165
10041074.0257
11343750.9616
9744550.54881
9950102.05147
9503312.17402
10284042.5147
9803845.4979
10470482.9648
9363176.37944
10159219.6817
10188441.1605
10621246.1272
9307026.43752
9220267.17974
9893137.38778
10168986.1918
10054096.1843
9521466.61842
9237840.08078
10435658.8586
9680631.47662
9881297.1336
9289340.05292
8979571.80083
10380506.805
8491380.0
9617307.14445
10209513.796
8950703.36086
9841042.6631
9655844.7019
8800122.81539
9855036.36808
9770876.34578
9057008.22452
9289132.01295
9482013.3012
9225320.43371
9131453.96352
9630733.22897
9289544.75589
9963774.99329
10311687.7962
10026035.3378
9213399.90673
9331545.21912
9500421.41138
9542013.42727
9732839.90123
10020389.0042
11265270.1735
8708333.93826
10168637.3715
10031812.1154
9565308.8269
10599518.912
9154928.86507
10652643.3731
9530084.85497
9550850.71059
9260284.13853
9524209.15062
9732538.64026
10300893.2297
10219513.8729
9038923.85241
10010161.973
9184954.92502
9834673.98749
10797646.7542
8821242.95541
9828014.57505
9254694.91328
9548980.21719
9993853.49798
10027741.1993
8943074.62914
9414432.12097
10625110.0726
9843616.71788
9150880.67464
9807300.46247
9294661.52166
9058035.61215
9667624.84585
9500217.45066
9873585.30682
9624527.25432
8815328.12943
9772316.81405
9936842.2309
11223545.962
10085618.8758
9747566.42914
10121535.9745
10123546.5762
10253854.8963
9875393.12236
11204081.4726
10039828.3174
9424361.58051
8756560.5006
9487601.44897
9169196.85063
10189732.851
9051032.79662
9267929.29565
8841865.24852
9138974.4473
9961782.44892
8619549.85405
10161359.7448
10297786.3188
9473252.2874
8769578.33072
9695136.49899
10596819.5077
10195760.0847
9545815.67397
9910992.42887
9841370.90015
10220165.9952
9655751.54876
10418119.7912
9875103.86502
9301599.9575
9542413.32801
9505533.21122
9388815.76608
9250964.59066
10279784.0159
10404587.8337
9865947.00259
9118019.82666
9204046.35958
10464323.56
9257926.26421
9665541.9437
9996549.09694
9291804.80862
10134113.5001
9501061.34299
10163624.5339
10296041.672
9094984.40012
9994657.4791
9504844.23817
10012023.9785
8916915.41705
10386917.3622
10405481.3993
9720996.81029
9294822.62825
10093846.1885
11117871.4037
9472038.99213
9323106.13197
9332844.4267
9366447.75143
10192236.7665
8882828.99072
9812945.53402
9490543.24591
10877626.8021
9935055.7375
10390813.9535
9627448.80687
9197517.14679
10529063.6256
8612183.87562
9501068.89544
9447315.39587
9272116.77556
9504811.44979
8904040.83931
10632571.7746
9596458.04626
10555005.1001
10470256.227
9877196.56333
9237332.74792
9952084.94172
9731669.76354
10367549.9115
9897362.54062
9305712.04519
9832120.9501
10294785.2592
9971154.73427
9018529.01567
9406247.21886
9364902.62058
9195088.32965
9542296.94678
9871968.06426
9331378.60179
10426708.2091
9695170.61662
9089133.0038
8937045.3893
10585398.7227
9098624.00448
9564556.42269
9773348.94512
9981219.22598
9738800.38481
9870067.67771
9206706.97614
9298509.33921
9199690.59597
10606268.3682
9302674.75442
8942437.32259
8942815.14127
9361422.13047
9256448.21174
10357230.8423
9189839.46624
9343894.10242
9286253.59719
9657809.415
10063255.7875
10206774.1059
9190366.46467
9141947.03782
10130011.0021
10241135.8024
9386517.59481
9697975.97008
9294417.57288
9516587.38851
9986672.36207
9093860.14118
9411438.79322
10279457.342
9616812.56337
9160568.60088
9539164.8605
10384442.5146
10499072.9175
9595605.92741
9793979.34272
10259327.6663
9096677.09294
9708243.9125
9863713.0948
10945566.5801
9510119.76467
9894230.79789
8900834.32396
9119514.808
9464633.29026
9892022.70856
9448012.83671
9025234.09203
8540270.21516
9030144.40819
9694475.32157
10414216.4878
9863247.37997
9022638.72208
10124106.9369
10424851.5632
8975585.03814
10417123.3155
8852331.3348
11196466.9249
9353184.34803
9404869.35472
9055465.03571
9884096.1198
9630371.21302
9608132.70989
9579087.11913
10357911.9737
9594827.96118
9304369.80236
9826611.77222
9112891.75474
8870766.54995
9921502.89508
9723589.58894
9962224.25136
10096179.3519
10065399.19
10412528.8252
10544581.4132
9883918.44376
10604871.8953
9659599.14058
8765162.16158
10900543.9003
10123109.2649
10154202.7694
